6818173843
1025660944
8954716895
4755567453
8342710753
2999467251
3016880436
3066296162
3800205870
1832215944
7464433989
4526293064
8351985617
5544761136
9253429628
4016266168
3746696208
6728030837
2270185604
8648802731
2654074232
6075484906
1915596515
6004792604
7240655200
2341447594
6760236874
6125010011
8125869581
3838432568
5104924917
6256556752
6121810570
7680791568
1084323486
6288045447
1250427412
9113854456
9870535852
9136921696
3127295394
3928374835
7134939272
9308202141
7625460398
8712934109
2800419463
1537852091
3215119410
5830447472
6783290360
4844393704
2962160290
7680406337
1052776119
3629124698
8904880450
4167594555
1004681906
9989607529
2318742741
3667107702
6508035766
9779335840
5970511980
1765033082
8074102480
5871875893
8753068335
1065223203
1077624696
2447258635
6589194884
3057872622
4510920506
8195688905
2692960784
1083568685
6536787135
5102629010
9686485914
4737059842
8362381991
8269722381
7863824520
1782797093
4474330901
7628951211
7373472975
8248083169
5635209844
4595355690
9479732004
9202289101
9345269409
7429358809
9146278786
8803437469
5478759719
6305167609
1077624696
8586383581
6846939714
3657010468
5021817675
6361601839
9299089144
8353827728
4621836441
1817595879
9948174856
4661536288
5495979567
1263973177
1936528504
9430297683
8973357204
4967944207
6261906388
2594047286
9608213524
2864155704
5751039218
5024773592
4956202210
9235648391
2980481602
4603864225
4117330010
7861512103
7330013027
5857379332
9640107786
4129329762
7860502660
8574579085
5637269104
6321682650
6234020983
4864161340
2676714639
3177494550
4967472913
4676251129
2512479101
4836123146
9153811825
8523845057
5220572559
7151247985
1098250432
9952025064
9412663360
2849183508
3907494042
4864978606
1778317558
7841894954
4168199038
1417038261
8904880450
4745706329
7678015173
8595885988
6076649847
5878293255
7046457163
8195688905
6404156320
6389231624
5235301207
3057872622
1771688908
6664746760
2489801289
2356658801
5413623875
9316571101
8996687442
1167170232
6986277651
1631306498
5218992253
4444920063
7464433989
2145506124
4712583607
1804141157
3998817624
7085374551
5161087524
3959414020
5058800045
3709042932
1832215944
3494326072
8960732096
3254312944
1705901965
9652956342
9336040174
4877037978
2808437348
4613117334
7360900979
7235182792
1036859432
3052639633
8687342448
9989607529
8795526791
5719026911
3288321241
7809464202
1878039133
6441637030
6071422791
6987470076
3087461576
3789527916
2361988097
2863091343
3823869799
2180662364
5423127646
3493793548
1180887001
7079431309
4301354843
3927321835
8769439289
7024494711
8824984875
2734883633
2357873885
4624887966
6409584041
8497218329
1739278707
6276668919
3612275951
5988597162
9134752934
7625460398
3016880436
2205370666
3238409205
8584886528
6687076026
9298938952
2246509414
2845000264
4859614993
1087059808
2800419463
5424453773
2557544605
3762316658
9423409832
5175833784
8112382231
1728241485
8248083169
6829297409
1065223203
1025660944
7417451333
2341447594
7819282502
3332308719
5992144884
1970219932
1572855547
9962617126
9387047773
7734031927
8366963938
1958225874
6461150814
4657008982
4224249976
5106931493
9140077992
9625083284
5128571888
2318742741
4543048276
8178511354
9921702786
8724198486
8840534244
9292100801
1173489328
7159356053
1807858545
8207290290
5102629010
3587752833
9657093794
9077018730
1328959997
3365022260
3315473457
9067666430
4902335900
3857146683
5896570619
3444252021
6634721371
8416755349
1588583907
4689475711
9887828634
7712456437
8054528000
8351985617
4957547665
5487888086
5638995970
8513118375
1226007174
4736067640
8390170038
5934102984
9973463845
7071332845
4271953409
8107150893
6101554845
2618209534
1712966784
7725398850
4913542568
3958964143
8233779439
2692960784
9398096715
6615772083
7776261461
8189761317
2978606203
1123759056
1052687279
2102518816
3066296162
2720574745
1165220872
7760880650
6504011779
1277050006
7267536509
3512674269
6068177812
6857029768
2275215104
2514334942
7190803394
8565442225
9980781127
9231352918
9975918553
3357983688
3419542568
7018915117
6565463958
6891774295
1128464797
8753068335
8054915153
5945550787
8497410668
7699652674
4884931027
8880592583
7061871106
7576719984
6459834865
7892636797
5871875893
6184207601
9112630834
3075113086
9327105854
9108406055
3862172052
2296164143
7447313016
1649225589
5249021739
4828694668
3732305660
3756034436
7717531943
8526399801
2359067050
7913507675
8725581018
2499370361
5616122721
2653133692
6422075989
8568205477
8978343504
7888078578
8495006281
1915596515
1250427412
9765383997
4416444492
5916932970
6350495243
3746696208
7063783812
5481490097
1147754149
5634773841
5039977205
9047564108
4883252348
9270802466
9156881648
3850094421
3282516625
1384105868
6434361786
5542399340
9170398010
2684208584
7085111427
4016266168
5718105070
2120941862
7835261343
4066024244
9957568840
8346391420
7434043855
6288045447
3158237297
8125869581
9918934655
1306759030
6915080796
5394272539
8855746885
3787834065
8563414171
6100864771
5565562797
6508035766
7016760284
3244157042
5684404476
8263326644
6158218245
7240655200
8638259701
9256292748
9915112880
7863824520
7947347537
4492679171
8342710753
2482314205
9168256318
3806288387
7104293461
8810875775
8494268883
6121810570
8015972942
7789567354
6889498396
7811310010
3638140479
6384926480
1883862661
7239703099
7763755441
5706144843
5492429291
3459781019
6536787135
8101659032
3072750871
5431249478
8405525380
2931256741
3974474099
7188311452
3472700252
7280137100
5786112538
4608474267
6104067772
7680791568
4019770503
3894088375
1296527534
2315450635
6760282372
9447333967
7637875020
9248179943
7604693312
7713761957
5392604933
1383009638
6221070705
5220331930
8079183601
6301129876
6936815827
4697867584
7287479402
6783290360
2309161544
9124595097
5768190431
6004792604
3106925398
3656617397
3553562274
7187696349
3215119410
8953082013
3402890761
2981259869
3804992627
7251287460
2403225079
3530326811
7565197031
7783517047
6653597245
4211589432
8974841808
7596196791
1314578372
5091529740
3236567792
6588444310
9665047577
2388858690
9609094134
2942286693
8317007009
6604925016
7303316136
3856366442
3808812537
2579937977
7162254945
9445533205
7288093785
2923810984
6007659542
5740912330
2146487257
5819656675
9851427050
6483740454
3588384652
9779335840
8605811350
3744110557
4717964657
2886271009
8629887531
2373190878
7910508536
1817345825
8470882749
2444695364
6300376807
2261462858
5047513438
4595355690
5544761136
4990160953
7119187317
8636697243
8244181207
5137775120
6568177826
3705391561
7803705924
1563042417
1083568685
4627824167
6410354216
8293042801
8581522933
3570469943
9218432842
6256556752
5177072992
1298561206
4507388420
1332534389
6005677851
1289501444
4676268291
8362381991
2977961982
2450970387
9502104630
2524414779
1802794596
3727174509
1903218156
3928374835
8782560143
3854990997
8648802731
6244927033
1671524731
7839914021
2619139649
6075484906
2223468715
4268382998
9184825960
8131603364
4880683913
3036858015
1234606579
8473819950
1337993460
5678779972
6170487798
1232004604
2540923884
4133240267
5928119599
3053007903
3594583847
8793075223
2349448003
3648843327
4683957783
8097207993
2407380717
2681547839
7083595127
4244253999
4103608233
8662192204
1047654493
4370854084
6125010011
4960505696
2937172146
7599302094
9467237047
7373472975
8665958846
5993435975
7680406337
5222137981
3165019513
1508843119
4706996687
2534043488
5282947518
5555725528
6976471441
6728030837
7735117573
2058926435
5957201511
9193783748
5763132708
5387079992
7211610847
5022889481
2671863755
6005802677
7135631121
1925694441
8061128155
2491421148
5848479783
2174428842
9631488248
4663739733
3982145197
6791451616
9580310971
5727345332
5233960869
4474330901
4167594555
4917957981
2265183388
4471298942
5830447472
9145417230
3127295394
9563001294
5302742321
1019025687
4350859480
2816302440
6507166039
6962509020
4771078540
1515069507
8269722381
3296247380
4660302240
6280877161
6022102362
8514083686
6255523528
4906767425
1382002971
9593743690
9724838736
7150839156
9455255402
7034193024
9963069817
2488565845
7289248520
7788415559
1937340872
7596518709
2122746704
9694922813
2324353508
2185120388
7457331420
4440080374
3384073099
2962160290
1912743068
1377308506
1322345156
2140775247
2102373417
7427759342
5723413413
1549982378
2189252062
3618121983
7988579817
5108824138
7513908861
8361935600
9356240418
2447258635
1393887640
9063117873
1196221095
7539760789
6345150692
7785309573
1628413032
8258060765
8359248543
4648665975
9548719047
7134939272
6922527927
4454229939
5182480540
1540940926
6269663838
3700970005
8891030145
2568586611
7179909069
5155099901
6868724333
5562699554
2451895928
4536467367
7791270997
2305665604
7603008486
1154318635
1586549011
4669046426
9253429628
5974705922
3743718473
7583611060
9609614494
7664317610
9992331269
6332412921
4093182857
3811635185
2228160555
1765033082
9580182871
3318479815
1052776119
4005096653
2402303142