9677524848
8175321072
3092154675
6080413348
4847366354
6944175959
1671383237
1790578905
2093547059
9449295247
9469963574
3321057378
5501586117
9722970092
5410946998
6844535707
2593708166
8041883278
3128723197
8561395885
8612490645
2216818279
2143633540
4761517315
9577557531
1066441309
9937501415
2633846199
3434584955
6246648017
9263832621
5683145869
7429040923
6122529445
5041477034
8782592491
1565352104
2098872763
2638336199
3192536675
2062427162
3544704030
2800342364
6604376515
2988701844
6764937147
5193673878
2861989235
6313068795
6126879021
1503224583
2468853937
9190470939
1090651155
6961580031
3645611543
2426883563
7106461916
6447884670
9325138992
4915515411
9974521258
7399678785
1228285550
5350471477
6733464585
3820511747
4829011857
1092023940
5801940383
1813284491
8666954393
9641881490
7550210595
4133192050
6079882160
1127280189
2021838283
7286191264
6546101520
4911631078
1344104858
4219974321
7750180444
6931134404
3763028101
1282738861
6747147894
6318477098
9047517578
4293633054
6497781594
4542844364
8881077737
2694684742
1989467906
8949290615
6392892559
8101951732
7135999358
2612462503
2380017914
5962712485
8065869605
9042110224
7998307671
9284281505
7416533175
3537571713
4461840899
1733164770
1686930098
2043361304
4397023471
1375078396
4884579244
4425827556
1964101143
6994069030
7524985046
1650939291
4677873698
8361267083
1230001896
1083430431
4424366059
9593201133
7379320242
2175400720
5699964724
3148330719
4907210455
2648214854
4130246504
9233857963
7947357762
3427830753
8390778120
5365873067
3120791711
4764638412
6311559457
2183496596
4109226257
2112023845
3108785646
7136933339
3909986793
9667178925
9518752890
5874143376
1824847065
2470188506
5765777149
5255239869
7467056439
7683238027
9815946573
9930277454
6046718169
9525550234
5688750384
1338054896
9054908796
2127943476
7286216435
3817462306
4129908566
3303136866
9223709977
7693653785
8314049223
3339401911
2285121279
6093099079
7081525729
9900665155
4540015779
4395153018
8204174910
4603504490
9747728120
1065472083
7238509545
3594948472
4699190014
6784835073
1141736021
8044546401
1317317796
4575725723
5308622928
5533916668
5452917890
8786733736
9830374869
9184572127
2859980550
7224033725
1848658064
9876571509
8222072360
4213029701
5986952985
8447631965
6315277119
2966207322
9180373109
2211388866
5168965382
8975835135
9302161510
3909476341
2432653074
7585658403
1132463040
9880584743
8772663228
3976547289
4057469170
2025817748
1900694486
7275769459
1890464922
5938268130
5037477522
6850306671
2925629789
3341522048
1010162296
3535013815
4819592472
6785504290
2999172749
5920190870
1106447087
2289280699
8510306511
2740338082
6334286367
8304549923
8000641276
2552679489
4518572080
3948939384
9713205247
7452373288
6288804389
7955756755
5161997902
4545661939
6332688523
1406996517
8315779736
9729604346
4149968783
1626571373
8682949032
2620788055
7420329141
4037331799
2717827296
6426058987
5646880795
6734780902
3923407910
2851650883
2737125476
9677513739
4680402210
1100491066
1700109266
7143860389
1184382168
6004515513
2482482187
2395666727
8645064689
7792822904
4531725587
6116114946
5913888627
5659294058
7222217180
9093300161
2929368472
4986613832
1016677617
4685590482
2787695555
8532961887
6854783366
1078476381
4488908473
4226434433
3638645102
8420422457
9833666689
4940826553
7821711545
6771001893
2188363521
9652161009
9500357104
7052428402
4221071343
7994391810
5496790011
6448511894
5727633318
4110690171
3945343344
5040230318
7439121125
6244501410
2970879309
2269274298
6205411810
2240212136
7724744601
8900471770
4739210995
5355098726
8101148037
2969427983
6526190717
6729670420
3833134730
7831365622
3751537820
1672054986
6932675122
5447116095
1085015058
3646936768
5428993125
7101297320
6604730420
4304717746
8848502699
9682557020
1614217526
3884442155
6968246989
4050777133
3309462025
7848748844
5498323415
7377572901
2333283340
3644417049
5649925781
4078246092
3123487210
7328252713
3874463157
8473412361
7056229952
9411579472
1474408700
6601886218
7720195315
2759398457
9295904435
5396372727
6706857029
2252437231
6127083685
6189747923
7194701486
5863598142
4962983381
7117635006
6083165962
2516601457
5866349496
9136554240
8819221685
2561876030
9419792683
3038092676
4214830468
8113913085
7439989243
8242501541
3786988169
6257727637
2732283972
1310422369
6261418792
9458976634
7337101766
1383009816
8546244528
7384711297
7215769408
5745070223
2198267654
3516168127
4220798793
9275586889
1016026843
1648018814
3738334785
4910955723
1707557541
5216170893
2428786306
6202896356
4340198251
9496043106
9786796865
6258152157
7777847699
8950005736
9844077316
4249399911
2723373999
8225186310
1515332066
2871821320
7400973898
2156379641
6229727821
7237943532
2207891063
6676053842
1479578510
8457769236
6077281339
1138656106
3045503653
2079855702
6362937406
4310327852
1005448688
5365217542
2002740408
1906095417
3325294233
3774818772
8376738583
8192562514
3494556365
1922277822
8961377391
9390605088
7179177041
5315623584
6181408518
1258823403
6259922679
1717946371
5284050290
1295024616
3631425744
3422114516
5634007591
3030072956
1863071098
4421862801
1684635967
2321965502
3080363106
7500926742
9494736053
6274861136
2999369550
3040903687
2225069449
2881371314
3337032355
9875384971
9490143542
2891855687
5245314953
1122891648
1474156176
3294810497
5414504795
6271760288
9162805993
6563362293
1754083388
5913299546
5747064276
1325761557
8828479774
5419787958
1110067452
2156526944
9588123104
4618003941
3674281507
4324824209
7611757459
8300939837
8134616217
7539218173
1718931527
6809594858
9257419600
9517260277
9054313927
7475221219
1447903671
2819123885
2129780385
3887942273
7102212887
3241954689
7627682130
7218162408
9538406342
7000409001
9459431729
7102666655
1125886534
3916064817
9317406495
7189276466
1495451550
7469697787
6778445800
9441722248
5185818113
8265368201
9443550916
2516040255
2149584991
1090956541
5071677072
1818368475
6851920736
9111244813
5001316484
3514477122
5250808394
9723544369
3313135412
6515377174
1296293175
8732424871
7198467565
1400795272
2903238359
7673853790
4731492374
4691652523
6352172534
8797774696
4875502152
9674180963
5108895060
4883535778
8555297428
1394381082
1885649474
4021219228
4207566449
1098729710
4675665311
5940094401
8942640535
4522076859
4815368618
6665284470
6547611100
4869409481
9948768674
9822393031
6640630768
1365933213
3395198300
6187132200
5951951736
7517546595
3245398448
9700575997
7890507652
1458017621
9539867537
8918732198
1178492977
1114234353
5624231018
9155542229
1506787587
9461580555
4036311361
8815516996
8659285679
5513813306
2018562335
3688167780
3928624312
5021878893
9538337542
2198974054
5054732928
4381419106
5716024199
1519953018
8625211407
4075011493
4359390249
1191979981
3534911710
9588494579
2203733895
1933836266
8365314757
9688377077
4923030651
3365261811
6683829289
8911539975
1136070250
7730720020
9316029519
7003503446
4302908033
4659842169
5791755005
3590816280
8245486492
2449957363
1426177156
6119891243
4394256737
4583722935
4522682574
2763084928
8887216799
5064679271
7747053169
8511176568
5918078736
7722267388
2881065526
1972737604
8151057026
2933457704
8699661731
4366943023
3811450371
1233187649
5042581803
1663712809
9838030222
7411354036
7132773160
1127906185
6680359032
8016807540
9287831175
8782275143
4921749305
6242043140
7522499369
5524890306
5724236202
6243976824
6300402190
3805343181
4029692665
8026627830
9706054126
4323666194
2198069853
1919792708
4759064244
9905504746
7307379502
2457275950
1033610867
7027696855
7926269031
9609393531
4127815481
6519356124
3132860295
3014115083
3585770634
8807414166
1125412492
1595291472
6023949891
9612714658
8549089255
4861702657
4564539368
2124442930
9918756504
2066388210
3083562830
4176407866
8909610304
7610380798
7405179847
3329587271
7129695651
2379168160
1451269765
8412134717
5397504434
6821182394
7962853930
6163428403
6498696859
5118775955
5993971124
6193510432
5008308267
4760297918
4957727642
2740264409
9411792552
8085626281
2317245917
2426239453
8394968172
7291978361
6232066473
8075218687
9438815833
6940022183
2142108121
3994904185
4438603225
9917362001
7555851915
6838873094
4459641467
3689068922
2547628930
5062709223
5211727219
5347760602
7176363127
5961138452
7269432245
5317018255
5387696774
1345725594
8765543297
2286187510
5641011413
5705908310
6043490959
4230824551
6305498703
9333154349
3879818564
1681461017
1054591697
1005532252
2914656564
1685937482
4173559065
6224860904
2727565414
2927670530
6057993966
7938664986
1268460774
3475606737
8967094009
8254885367
5368957136
6647979387
3388401361
4437654585
4811297709
8947871361
3433398448
2823235642
1258844574
2396615986
9035153064
2415013046
1284225367
8312103329
9216296526
4953816707
8130234391
1674662101
4279353865
1394779544
8273430013
1489108174
9474574436
6496559151
9641291119
3584385880
3308788915
3146126208
2526366266
4765609341
4768387354
6567168204
5659849928
9433969657
5473955028
6215257384
8291139511
6458438985
2980690346
8359331843
6496961329
2677468964
5440043577
4101823991
2133531626
9999832230
5468579302
1769875066
7744683020
3131587045
5898192480
5113397385
5741745099
6934752659
8845663816
4294104856
8949564362
4551761559
7374695552
7678089708
3896771491
4325355305
6418763839
2426340111
7629780825
8056848760
6690716025
7162128119
9606989210
5246605145
4374306487
4710761449
7406302115
7692990579
6869702172
4472459168
7582474249
7682330411
4723527690
8021947067
3849806728
1044166585
8911728018
1155785132
1611892106
8694044176
6476109780
4599481615
2883194742
5175588751
8909188369
8689338416
2644918807
4543529654
1165993301
7074473976
2757351183
7321051466
6134532753
5782059077
7481494359
6593560510
5031884995
8272831316
4725301213
4664627322
5297913499
9743864023
1772419596
8388058506
7614782973
7417334989
1683461454
3554430319
8731380350
7166147633
4303956850
8867120992
8221757241
5570844613
4192977964
3163721484
3261105213
1159559332
4582935494
5673846195
6145295142
6697330755
2434842607
9535913970
4404973254
3651576495
9406070454
1003084236
1130564324
3366239829
8782520678
5810088838
7786631041
7633033538
2939667278
9024551787
9855568210
1905586303
6078417072
3639815613
5951039151
9846401055
9776328846
4694624933
2695100453
6432600497
6367782421
8952817308
4876626639
4870373708
4551761316
7897913542
7631510932
5141095432
1481984918
2744540114
6370253411
6315442173
7891875073
8064475279
4068028387
1577577810
4600680191
9359744493
2432077572
6966805812
5412919082
5776978284
6950986157
5274150482
7194301863
9695186872
7713983743
2583101484
9474161760
4542975478
4014545313
8854251324
4986499641
8773913899
7578580139
9653200316
9361460269
4654378143
1299725514
6350351385
8425337158
7044202018
5932961280
7721131849
7477003118
9914368607
4043856087
4413076486
8671342646
9891450531
2245857338
4678523345
2708370925
5085413511
6453846390
4188094905
6284287250
9066056675
7616877121
6924094558
1774636555
9796222883
8096052264
8706801559
9561295708
9313425296
7453528091
9544011782
4542398115
2969987023
8846984102
3749635648
4214336629
7525123464
9561335182
6529930239
8661670516
5909918841
4371838562
9321052812
2599292363
3114424779
5885575361
7467766525
6767003687
9218662651
7588108363
5244190913
5399413573
4183588054
9984878328
3043528287
6671245185
7080545251
3377360587
6092829519
4529712988
7884768260
4639081510
4339395338
5236793487
4950403050
4423045096
9927542309
6930803758
7492146530
6255047707
3487695626
9222919842
1386661706
4082837640
8758850569
7083029314
1222207654
8183138803
4573330418
3561363703
8422169360
1070690931
7285572084
4511420138
7401392038
9994850798
8002963898
8543459766
6474773101
2932829366
6411168889
7261769111
8264634322
8977714444
6586069259
6906816261
3368555887
7550457747
5064736965
9616776169
2142354717
5168758831
2875799987
5146877548
9445801065
5074233020
5948607161
8751389908
2443533350
2596611690
6739902631
5912205531
6248138768
3576147527
5657607637
9679804115
8773516785
5828195509
1253440371
5006165813
1039506160
3143163546
7845925678
9035326465
8285692249
9855765846
9560263174
1746526309
9142442655
6570755129
4335934255
6017728821
9076712389
7088578473
5401554602
7190733896
5904425781
1772328652
1474757256
9193981085
6275550576
3761305552
5305998943
2597383121
2996769785
7923909889
9980904115
5669715505
6185496562
4284328605
8617910837
2931557573
8479514874
3757790117
5694178381
2920964567
8132050023
3113240362
8470243073
1853123433
4218439609
6135026371
2438078665
5888765463
7958661158
5618465236
6593212019
6815936542
5239607609
1593971448
6699817656
2968359635
7391785884
4298491933
4377770369
8668472461
3709168156
8413147172
9117256402
2747492863
4856898773
7906098895
5977488122
8549203918
9468738302
7894905853
5158445114
8289330372
7426720519
1944858831
4790193562
9266762362
8550291145
1704892397
2640513518
1108319606
1407785219
2067702977
1043340302
3951028698
5091384032
2049662287
6474582581
9856764462
5150418314
5549623581
1897501688
9172398539
7859840872
1658393922
7199141354
2388268184
7329222151
5402305021
3361123133
5541940745
9423930965
8962308247
2586829774
7256207799
2971014115
3594069373
5774757782
5694716198
5484232849
7356568641
9702545851
8183289630
9900920930
6675279999
5076098650
8368853294
1728957135
6595373271
5145191316
2094258273
6547851381
5409101198
4474621168
5017190710
8309745044
7566248010
8882855831
5668708795
4445794810
5766606653
9296199636
2236112108
5874727030
1057419998
2335467586
1783068171
1397967449
9079472356
2308699420
5120374327
1493922703
6880354263
9975450976
6598226554
1965320265
2362402904
4586750350
4050898616
5463734349
1640385968
9096409680
3603641266
1911559832
8465477243
5832160785
9449929028
2467722840
4502947417
9774665313
6938738165
3854071561
8309146729
4130451305
7090716943
6505532876
4266887468
8033579342
5501969109
1580675845
3577728784
3063187539
6163224231
8187979334
3372073070
4511225846
8035109345
3903294248
9014972897
9012872293
1348382399
7717744862
5739096562
8618080493
4943237177
1088959231
1448267736
2030385938
1097387067
1126604913
5686619579
3052832524
2096792242
1431466599
2820503328
6601855082
1383676345
6211296504
3066077176
1052622764
8505416548
5556758514
7970802972
8740415685
1703943132
2691411839
8876260948
4407722081
2317878856
2614212310
5371563767
9116795052
1221248887
6949665705
7466874765
9084548859
7509652612
2803513715
9646220592
6779903389
1358035293
1338236039
1194051508
1002690366
2834058243
4140969504
7825917359
6570860215
2618412736
4416359651
9369018125
9624221544
6826150921
8873029632
9522182417
4811695384
5540935283
5225893578
9050125735
4648276006
9298597080
6086938575
3291909039
5592218851
7175833633
5141862064
3604982072
8225548748
1111141610
9941161313
6378352747
4613561176
4551498115
2277981703
1754515354
7535550141
4128720033
5534355034
1402770673
6052873391
3176914684
5330509335
3408796439
6867534024
7847334448
7205774967
4382496342
8894816951
4232051853
9906112073
9724348077
2038971577
5116245662
7767312595
4319276052
7137121021
6626461197
5298294619
9855186968
8306499274
8836652425
7292609153
7522685252
2931945882
9194897168
5470473127
4677246964
2108884405
3642668746
9980435724
9147320807
4659154784
5242554940
3608625323
9535434893
6599535812
9232942649
5449267407
2660167473
8596656051
7407582365
9996235241
7006646370
4753413006
8812222700
2604511548
6550411692
1317029413
6298544300
9793137093
3328688710
8410815779
4950236360
1247351602
6884492194
4457862521
6254951082
4357301838
9684750160
8059392598
2532655955
6673877372
7086952026
7413509329
9776605455
9945446361
9467857967
8198910292
7048068301
7988387744
2859195005
8801651587
6242836265
4352271949
3693091992
5542267861
8317832049
2842230845
2043134811
4914012055
8591067222
7208228808
3900332651
2188363751
5854568144
7095957669
5995399897
4606542804
9108748872
4403334370
4865310013
6650519602
6132455046
4515400602
9207925768
6621512654
3798164531
4947419664
7652642893
6793690531
5368849761
6286713776
6735312859
5981356567
6343837223
4334249593
4106308360
5958515323
7022016903
4913607561
3653505255
6630732803
7093513963
8263842242
9960415189
3359903470
5225656700
6195004395
6999477217
1816182722
9522814447
4504319743
7265284891
4627059091
6231059695
1524654849
1950961917
7919192561
6694210613
5918985265
2607614101
9359582746
3882248037
8809533195
2588001734
8164682633
1266910694
4171408685
1314928233
8118016475
8670942080
8798336695
5389654290
2060500202
4584195012
2219133536
6621026015
6326821823
9166729023
7355311297
7317555617
9917330774
8651156319
8836376216
1080871428
5509905380
2721104460
2256249512
6407429390
8239560295
9988686040
7812858407
4298374614
3887523142
8695140933
7959908303
9510675939
2211862159
5102890292
9755061513
3026804472
5111008299
5287186918
7242448650
3833709271
9465434513
8244267474
3418751117
5183586760
5483472988
8428574516
3607272532
8323510741
3578256554
2650449467
7015416562
1103570890
9791858053
4663403623
2486532475
6224697989
2480338277
4269154125
5274514928
4028621496
8581089577
7841453915
3808974090
3026325229
7730803388
2355230134
4892604164
1996727705
9828890934
7667908564
1474237637
5833977525
6006315846
4712519129
3764378566
7274270583
4551133902
6396596862
7234984885
9024836509
4085405566
2431738420
5811434618
3416467954
7509441434
7391594383
3813417888
7179997670
8274698673
9063636304
7875229409
2482393887
3583309919
7879649800
5559318264
1559718359
9687743345
8556914294
2801860840
4045774399
2647178872
1890854973
4618986447
4280216526
5010589553
5722015907
2343121223
4415030706
1804720713
9179029427
7901725523
9473450844
6324311291
9263350937
6823489854
9444634329
2240005315
6537277683
9346591807
2969517831
2142160777
4162746669
5902690528
9198380670
3189347986
2442736093
2585148361
7806948568
9679947846
3825703580
6420537817
8983208589
6759560274
3290733143
1851176101
2583130626
7096372520
8920063341
3976646584
9606503841
5564033159
2855972846
2425908085
2917890425
5114225077
8580719853
7421384738
4530328220
5239502437
8521695316
1046810349
7782636453
8006744543
4183421012
7546377563
9450449773
4684023352
8195527832
9163667186
7208973676
3640987573
3271278007
1125884670
9271438427
1379241091
6974390153
3027922045
6722525594
3114148122
7336991447
6278134426
9201108841
5671406556
5647803518
1057587420
6863800607
9771749289
2765914347
3385606993
6126228944
9904292605
6140407993
1133821619
3426646143
1025681605
5792279391
1567026537
6713120661
3726864229
9707623922
3887427520
1505550046
5866469883
1473630691
2240354292
8705552821
6837058049
4085745404
7359779400
5067060023
4255621871
3461972614
8347602261
8615522010
2820521551
3861603000
5039832006
8922843182
4716612618
2007930031
2965827395
4086235077
5990196310
2409095692
5800125027
9202209654
3099209442
1781118457
6900251003
5543698567
1935878192
7142767627
6588192431
9845106837
4619542641
1706675522
9076257858
7438743251
7354806638
2853615694
9488922634
9522675339
9780082886
2052508199
3919511046
5781339687
4505495990
2406527309
9415803078
1627715321
6820153233
3207766402
4893796253
7878905600
6982554440
1738830590
9112412285
6380232237
2961957983
5216225611
2712502818
8675809487
2385101436
1277774555
1713919124
3279456442
4083362796
2678048037
5706133515
6733642137
4597217515
3937915247
9781458098
5594488519
4701547152
7709310868
7902147437
5835758276
5166400274
3450150778
6623493536
6492372881
2959615545
2270353467
4340008321
3977017158
6046534345
3029512228
2867314261
4565672728
9266979352
1295552751
2485660538
8518056409
8845115611
3272816487
2862571380
9411169432
6455607203
1639979375
1752545444
2247668766
1041571967
3817567876
5194503872
4116827790
3789526819
4529495155
1136518852
5090619031
1858367981
1357194334
4226472723
1909621420
5363365936
6925245462
8609967027
2667383254
8045681279
3232091596
8827454724
8333403313
9526097908
1863043311
4244706461
7556238784
7537019247
4097773625
3032863528
5726287782
9056336688
6257491907
1180756166
2289789725
7876362588
5839496690
9515647949
2479151468
9355635064
4112824272
3244232820
4036870769
6729120668
8407625637
9079659745
9277447262
2054357318
3046210822
1785506826
8125041768
9425597963
1446542693
6350178996
4782505720
3715739496
7496441280
8227476314
9031764376
8342936614
5035657948
1591625015
6104035758
2833968339
8923763140
6899583362
8773809734
2155753448
1643033487
9035557359
2527288486
5142946327
3896611505
9769391476
6717989424
9223749557
8980716758
8206994299
2221289373
8441660723
5813024797
3790541405
2771023438
2728867783
7707780732
7869424010
8140890178
8181853357
3586549474
5564287453
8225068621
6363252906
3304879710
1432473845
1611782367
4585979209
1281867497
5804031012
5811628161
1063385903
9460933412
5976323448
3114254324
7533925648
8664061923
4203258077
9769914878
1795589165
3919017662
7015654451
6403261292
5510371250
9276530021
8865605733
3842241190
8508998764
2273629057
9631024019
3024016636
9450332535
6104046232
4728097399
6450196673
1875754965
7801997861
7911929842
6675895978
3784490586
7290983346
5537582909
8268828595
8321010597
6967473430
8102779085
8556890293
2812088289
4561713510
6855208012
7738143905
4306305608
3688797698
6594597201
6695510343
7263734241
1996800090
3759548530
9653889781
6975613434
4229727720
4398541347
8701948237
7925641469
9319480701
9324798305
4071700295
8007825275
2302504597
9451928891
1262592497
1098484092
3164285555
7876556872
1891686541
6059411916
5666520097
3467639264
3382111841
7094715194
2307615475
4990258615
7623381385
6374962870
6878521104
9355455751
1932884598
1497623930
1957505126
7564032776
9574893175
7646610179
3069311590
8614410190
4192879650
3251950823
5207109611
5326257813
1396367027
7252109233
2583398666
6270126639
2223798438
2770724555
7155269517
8164949632
1043278506
9677621594
7523324445
3681788467
8749300427
4223727883
1067072733
1750616072
8205437638
8862673804
8978786145
6952558853
5651513672
8648448053
3407212922
5694462431
3187830543
7507524465
2357519117
7845971032
7571244958
5121848884
4280497029
1165475929
7799519821
9331469706
2661832439
2121884053
9891225423
5778202284
5759060499
1720687947
4495352092
1765981580
8540934020
2269347599
3656004311
2590373575
6127216351
1945940016
4277247352
4056005914
1593718121
7342608596
7342582745
5451137417
5723292377
6391639033
1625829142
7987797028
5263977707
1164724022
2509489037
5044111110
9692457473
3366787835
1515817701
4266041904
4751476478
8403789014
8795821182
4657039761
6082648218
2046577080
9649971450
4364605110
5033893103
3841454794
7987853484
9818097383
6155418914
8682897630
2065241622
5703217479
4189842144
7026103724
9690349025
2840636356
9509370688
4598403162
4958704931
7545076569
3080207119
8237353089
4921821111
4592967811
1876429882
8097674543
6547044287
8244611016
5035553183
2812537621
4965819931
4201556441
6117661138
1982877664
3470778656
5877979834
6366041028
4523296954
7953371612
7545296731
2044117205
8211221345
6610163333
7980203452
9600753549
6919502607
6097270529
4134586052
3429409210
7147887767
8352843866
5069897512
2718551273
9065716477
5315079214
5777384044
7562094751
3745068481
8153939643
2689015761
5182409974
6912826872
1248248846
8883745442
3194754337
5752148014
9481978513
5613360699
5267635802
5991575878
5173520532
9686024780
9263239051
2424538813
6332531997
7420194016
7892395561
1053297272
7352278493
6230560116
4888146319
7765641061
2643436062
2728638908
3958904400
4361427502
2252473447
2678305704
7750753952
3173247786
9755204294
9995404736
8892901270
5395031680
8724520371
8606491146
8656326709
5552330700
2908593140
2447141856
5576622730
7536520945
4867809613
5003204674
8703970072
6194129271
6237117771
6363437056
8530779783
3120008438
1261218019
4179909774
1378546421
3182987834
1435448544
7703495481
2687811079
2341727704
8781731724
5897608073
5944196458
7844567127
4290792851
1302928054
9819977177
3847352842
5490224844
4598602449
8933808364
9321398347
7457059625
5380905304
7341805378
2525871220
8741946556
9903971696
4227087009
8906500621
7260312368
4459204040
6080058680
7862428503
5358693897
3102621646
7964579041
1312399531
3067643916
1955439886
8408609169
1081229312
2306819753
1536027078
4246488631
5131601104
9437131300
1220690901
4930302068
8058666740
6033088772
7864904263
2371731465
8459836646
4495033149
8354700572
4417194564
4412590785
7075989752
2825537393
6587389245
4748931683
3689483891
1175730405
5398925150
7623432144
2385409321
1492831594
8158137899
6621836354
5153771159
1461981921
7112970509
1018541863
7681255507
8139257999
8443905821
1206615341
8582574654
4606608456
3287935234
7706495896
5613867762
6238542109
5139014439
3318960802
5498210216
1864771927
5918154506
9937263868
9751158270
4870756602
3285737648
8705674053
9673218371
9284602447
8441138838
5202744916
7274208830
5943320658
9361880735
2081660026
3204187091
7718106565
7027528677
6282275941
8007468955
1464933971
3461544190
6130697179
8816924450
5699312629
3571716295
8410041561
4972770493
8755960035
6684130877
8462952120
8603475697
1505104971
3205347061
9994903620
6770855651
9313663680
7321641114
4339437036
3155808445
4974042110
2070050281
3749104258
9040136036
4683421854
2607289693
2701208864
4188452031
2944065420
9928963678
8699817121
5372883276
5689926537
6901082351
8735056836
1555563597
3131296198
7215513889
2609265329
4501689849
3964592399
8415766811
5428673408
2697966668
7533673416
7324992416
9443022042
3315110087
8088076730
4603542423
9670107010
3744491016
5948955341
4375175488
9500376766
2259046938
3723945245
6438189353
8334376353
5376911616
5647035110
1193205011
5252706188
8837563069
1880530349
7262721903
9993695322
1810238480
2693314036
1893756740
5642698163
8141388124
2119868274
9204874291
7396320413
1690034470
3672559698
1856002891
3430937715
9268156506
3087663472
2919442503
7141532394
1141103091
8060267248
9182098305
5793521597
7040960208
7744576360
3440140341
2272785364
5214030976
2798044112
5931115788
6567074237
6310211762
3801645276
2924669553
5051038199
4038280637
1653925233
6609140093
3244264344
7919390041
9884821676
8024151185
2256871353
4923564041
2676914722
1908536948
8193324783
8880452268
4404783381
9762149644
4141695793
3390605341
9655076271
2966258367
7831075707
1298214354
5721445284
2683254001
3803004485
5521149023
1739667997
2608519492
8523358494
7948593788
5046837218
2301907826
6249483373
7735076187
8057030864
7964403934
7419464202
7119276798
4433661671
3364532778
2568427857
1090637202
1876175012
4010930685
8936230373
9823326385
3175624193
3113947793
6142216564
8302054418
8636388141
1660953616
1387118614
1320973330
2966904321
9844100222
6821501942
9352829886
8018285369
9998074644
3183146442
8357230384
2070159860
5277084108
3272516317
8113866130
8018629771
8444948670
7430814783
7982945854
4088989448
6965152990
3415735571
6722415890
9261754885
3622302300
5167012055
3858204237
1504609535
5103468996
6551189524
8337540207
8140638381
9993557849
3599083236
9090045942
6645567920
5740733953
6679682404
1748104753
8771799877
1879661560
5603575854
9959687522
2987632866
4514756546
6883999106
1752727427
7522114915
5814782170
1786125030
8913503054
9296746285
3995792023
5842248844
4469361804
4114937601
8932472710
5825070895
2402802190
3770141150
8163411162
2753629682
6016664386
7703094493
5820605166
9003138515
1968146893
1562865026
6709724813
6067101799
8729065172
7373183152
7238866364
8842866855
3033578374
2279116348
3978068219
7687336274
7693482753
5068742190
2101236164
2653952275
1825160066
7737083455
6049584768
7994208776
2011234246
8738530186
2954694952
6642036370
3990408877
7228629124
5110103935
5639263173
7173180956
4413063698
8128119997
5571024550
9110831060
8848245525
5077454443
4642604861
3028623247
7254898931
3653871571
2256624210
9426263767
7973850807
1652068966
9238851027
7455572896
9495555113
2584169455
5305228930
9825576381
6447922465
1425733506
4729407789
8741704580
3971764486
2257886916
6774150434
8847743162
3180608011
4120002713
6613222533
9591954589
5373334631
3343332229
4021812700
2130610847
1124857412
1515902542
9203108138
8573731785
3463448427
2661071007
7284927732
7429922581
5019167006
8113082373
5810680594
3627752418
2747121871
4057971592
9296635431
4377774830
1969638131
8754151717
5986872475
2006877937
3635283533
5210369321
4684218229
7767555682
6502855287
2080918828
9439877274
7874183612
3883710197
3556937742
8519067372
5046614050
4145736808
1758142814
2647088514
8674458115
3280001205
4801871448
3227749282
2853509540
4792070297
5482369605
1699196983
1554577986
8812455218
5852428076
4432648855
5976300137
3741248077
5976494074
8105938643
2058044800
2249111793
3537781284
2062079799
4787191886
1163104185
6698844940
2199935580
8867330697
3542280150
4359095936
4361809526
2423732361
1511939346
7422566217
8910675236
9879207396
7027683584
8031246945
2064648469
9847937638
8996173520
7799395942
5955543794
1852802125
3992208771
5801704164
6071054807
3695721728
6127208130
4987701603
5939549763
6692002220
5999095817
7944549063
9571080013
1213945770
6440317379
3220363984
6862855647
1364451701
4180893504
8609405816
4782269339
1631328230
8339831478
2634571992
5437864590
3539272533
7384677717
2891138853
8150021773
4471590450
6948974053
4187841506
1241902108
6391507993
4096804694
2962009912
6004140578
6024597290
4718106816
6167181916
1190648153
6356921517
2760487524
7583919053
2941329717
1246251828
2364821313
4258639489
4316010058
8195284231
5390714223
3771625372
5588619413
9984576583
3007132416
3196480142
6762684032
7589918690
8412084307
5504981896
6625186891
4753706163
9598397150
9185304656
5764837187
4232953295
3761386701
2111816378
2533509830
8587100138
4673478408
4914426509
2341799634
5077138644
9321837313
1386242375
3079319841
7090669493
7965285715
5022510327
3224965657
7624347113
8562868281
3089738851
2076628600
3340990440
5947244403
3816811164
3306384168
4811485983
6489282470
5471976321
5522598381
5719215919
2920139776
7050071769
6517451950
6971502600
2062680658
5103051887
4314615428
6374718295
5613921471
6773540960
8616784940
6818964095
9923538285
2185010740
6303938715
7938448658
7676447738
3856442673
8648803617
2377756949
3556243411
3551737374
1712724973
1353561995
1333890195
1658181280
1627738998
4362864274
8820052648
1190110562
5005742929
5371060712
2479359565
2400824376
4576161862
4656576086
9728090806
1748878042
9878735489
3629669901
5954587320
6928699855
3310616808
3658421422
7420056815
6063418452
9652434442
2167267673
6171705618
5276953448
5667967806
9827957345
8865585089
9257104651
9050964960
3892939332
3206762253
2530459193
2774190853
8524763639
1488143988
3811125267
1273960297
5593906916
7170104370
7755639946
3141037659
9017737933
8344123828
7651861496
1943048368
7431006829
7093977942
7316325148
8405583626
6619089338
3047457492
5961875995
7725540812
4183729758
3192053662
4739472864
2329163231
3640608168
8994276756
2269591298
5357043229
8020757907
4247559453
9662610944
2461506953
8266477716
8497340367
4127436682
6085155799
7462859943
5490627043
7151062578
7332137442
7492151100
2912955202
1841050423
7835644317
6048634091
5246243958
9306065561
7085493583
6954944124
4627068470
3685756873
8996752108
2833676582
4542185955
9881251002
4258401534
1817866721
2010386023
9375693202
4136935911
2512154829
5645020788
9620978861
5169089667
3550306531
5477430381
8229172896
7624014821
1138371859
1858421760
2792193586
8735268448
2451224855
5622226926
3367444338
5574630941
5225089080
5784853525
2493785960
2678842456
3052940438
5776970182
9687872682
4058931649
6282702102
5149074002
6312860781
1369379393
7308643091
1438934191
3118853817
2119861225
4142434307
5067483263
8940282133
6396367821
4117276845
5092769107
9735458258
4948163863
4738537017
2287921470
2546952189
4217110295
5753720079
2468516836
2744161263
9109899641
2099276057
5322085418
7512809134
9334878041
1040453263
8556763979
6511957995
9706905671
6813402671
9105994469
8650784258
9004624408
5365381260
1887069169
4845635997
8746853052
1339663425
5508128971
8564352604
1385990401
2514043032
4433265201
8427288693
7248601015
1164783404
1880787603
7593067601
2883282212
3516375588
1674766979
2479761057
4473801607
3194351460
4805967636
1103259633
5244230648
5349803018
6305846971
2482729838
1885458157
9734431154
5654779296
4983194485
2162767618
2675823785
3140011180
6372850305
4463083446
3173283573
8859620278
2568655930
8673480433
8234700351
4438629691
5170381437
1898069222
7051331528
9155110670
9824773027
4872980751
4359335746
3327775870
8886035165
2843502679
4825638803
9160059768
2790070950
3065661351
2848992275
6473769326
4871972349
6313569404
6879145327
5545578823
2300258958
5688104835
5283250778
6563536540
1323970683
4076011948
1851264346
6443477050
6253945620
6892504332
3416364344
8722036601
7877409500
3366423958
4190908218
4426463739
3839587495
7043902534
7542046443
5075700942
6219618081
8335478068
8500111202
8241389659
9867212267
6207008081
4366198474
5938522046
8088273325
9615878209
9392032033
8847803251
4854667961
2425520459
7067817519
8838801526
4172383534
7591294117
4440533482
7503482480
8740842296
8126880218
6182825578
1715588471
3847000892
1001854376
9256515970
5460392246
1441110807
3692002898
3095082119
5555954019
1149612357
8648742982
1199582932
3073917792
6939292648
8439982985
2699064920
8103122501
9670748759
9920519912
9376643962
6225213751
2269262548
4976149602
3649222118
9953105859
8497997533
8003969622
8283511978
9508457053
2131213583
3688967021
3009623674
2288892336
9914817661
1370178674
2118580876
5728129060
3712597029
8713815813
8017149034
4359745665
3255657714
1650648488
3762564225
5669017065
3214545138
4714182377
4935618306
3855775932
6950470098
9391780941
1886099842
8877246454
9510221972
7148913268
1366988649
1276746858
2816729757
3816900855
8890237454
1564087870
5834176325
8978917822
4089438846
8693240858
9347053687
5277603907
7498525393
3396574648
9211351323
6403625157
7484714665
4783482444
3891920283
3040795853
5444535204
2673143953
4266465814
5253489802
9364392527
7462231650
4946758630
9706879113
4679334595
3643172490
2508759168
2050242659
9932274838
4976957259
2214421695
9098166018
2005617121
1769896506
7461592230
5240168376
5619346606
7226512822
2537496739
2279032295
6698133215
9377061507
2153158099
6151217377
9546476330
8003765866
2865644570
8682406450
4532843719
7429096309
4673606361
9957070869
2332851807
6548495437
5489250625
3601298729
1240594327
3460147918
9783357933
3714083834
9454449008
7233831383
2725151902
5105573620
8239544834
6050182573
4434959944
5596976697
6552189130
8849649108
9629085758
3612693202
9287195827
3713771619
7189112904
2491508783
1632289069
7807822535
5023128295
8853287073
2902904528
5761929111
9814805448
9833688350
7091874723
3528928073
9927138962
5913624198
2716241566
7443829720
5092148346
8057299008
5285694874
5015661839
4749190994
2978401192
3576741873
5983101008
2936358504
4441448349
1153307896
4431917806
2832306655
4120646512
1641005638
7963274556
7973055331
4476068498
3339706655
9672895438
6162831226
6078334726
2288975472
8717078600
2606140353
3810154840
6129969229
8318641771
7174540053
2451381997
5771632241
6097943482
5360612796
1498452926
4486372891
8469106655
4638866756
9247817191
6392498739
3754469638
1699674186
4357380038
8852847308
6316933616
2297266597
2425526568
6108291849
1265411241
5762650276
6909056042
7732646913
2111979219
1424584163
9544814905
5546350895
5838596734
2193910796
6444170431
3435030991
8217503619
5850620390
6211482740
2526843902
1247020965
2917974843
9210755134
9865537997
9641360439
3646439102
7249452645
1206176979
4548562338
6442156465
6209217049
6566270660
3051989553
5480709256
1752846430
8473865463
4712657419
5955175133
9589112766
8070801282
1869073763
9189483221
1553485372
1598485224
9151771029
6914671758
4541059095
2868401532
6457602736
5517463332
7633594916
7652951407
6828525814
5866793312
9613157594
2571259368
6541464397
8088577001
8201005434
9780840905
1708848501
2947602019
1780367829
2038477684
5461466268
5539796181
5155175598
8703240711
8027629158
9415325643
3885391038
1952764658
7742792690
1738792611
1458640888
1300101480
8810206974
4303636987
3350408040
1836239988
5039244887
6262688293
4746429303
2485503605
7261270401
1889571583
3311425286
5048527876
4108142591
5848579092
4342257767
1712271753
6657268991
6318821061
9632077646
5079714177
8711693865
6829145159
2992195019
9916172202
2837446776
9129367039
1410349268
3714150334
7670477521
5781550832
3499816035
6133353032
1255828092
2981419592
6000582441
2267456294
3813872645
3797047009
5349635114
4784916259
6762466628
5319771638
2898758015
7658036239
8330982359
3678174583
2257526920
5222941717
3244197237
8263884623
1588737111
2565705889
9356719606
2751177430
5022185162
7595142801
2263697544
2892801432
6843757959
4764433742
9190379318
6350384231
4990941517
9335476254
9505565746
8339302205
9750918617
3577845667
8160988192
8232331713
2933553790
6908711210
1397024484
6422594801
1437124295
6465428879
6800622277
1490381564
6781397484
8901310955
5179007263
7135423489
5289676900
5698175786
1141090949
7380815701
8913902079
1494002146
6304146052
5789777260
6186162172
9324761567
7028668254
1603461583
8549253169
5270342728
8953717967
1930009299
4893688727
9000390857
4513102768
6916676971
1473439546
6155825734
6362151966
9700451082
8303524114
5126172599
8771688047
9564258435
3345735806
2424422729
2201309377
8414700430
3102667199
3083598694
1022887329
2206443418
6114200824
1611155883
4415854993
5016243794
6866260236
9571345691
2895376057
6388694604
6006028816
6598939918
5050647103
3570706484
7590696914
5152336092
6392042464
3136845490
6205984023
9389049615
9785101789
8848519733
2837266978
3387174435
9985141637
7700662962
9305168574
3562981055
2940148569
1940953573
5543001320
2887354552
7786096705
2595778490
4758553870
4923000763
5607343917
5779408568
5759620746
4311289282
4323865289
4387534047
7145911407
5567969545
1200833996
2327587159
7728732479
8219038273
7015043565
5827886798
5863033694
5745842767
2506578158
4240018322
8638092208
9878456818
2919859134
8755704599
2086125601
5534244761
4447811936
5063409882
1142650225
7866351850
4170354695
9732108649
3563685246
4281009738
1175994070
4819546317
6597974795
6107531317
1880103202
1525876345
8182608935
3279561096
7468334605
9019445371
5622344483
3065989766
5408512705
9646660672
2758694221
4006671480
5818412699
2827963057
8798787911
9538073472
5282280853
4688850394
8146610805
1348497696
9611718313
4254999161
4746501071
4996455956
5907667418
8236571860
8735200498
4215261602
5673475307
4759729474
4435616929
6444634823
1410197627
3366975198
4795688728
7405299036
1229787941
6215108192
9131323860
8939184932
3121124935
5200337756
2741724192
5854062243
5112391349
4086620511
9808887790
1165909976
3897794240
2798861980
9092517923
2737440517
7172629260
4473948161
8704332294
1465715205
4529547032
4887363784
1369169127
3293602179
5569483155
5017739786
1567828489
4922414531
3580346380
3952826586
1833162308
9599400529
8908056931
4276878452
7052793928
9869787878
8997470618
6059724931
3978256647
5088488325
1601808151
2967988474
2185706793
7450262588
5733319185
1120519359
1490956105
1140528201
8985643777
1255394105
3259823406
8258756132
5242699631
6417589457
4798303066
7383360978
3325984805
5563432415
4918310741
8123896775
2262257823
3073223777
9538384365
1014529448
3235401765
3069216308
9196057798
1989042044
8512498269
7059729349
7088654610
7924687383
8112284956
7137992750
7963716607
7594129688
9327241742
7044508417
3519130069
1880039891
1246625478
9772237618
3757213476
5777150755
3335600381
4266917052
5797229894
2300127984
2719593165
2784069986
2170747089
5375824989
9826363461
6848679938
6396751948
7010440670
8219033254
7715517336
7252661213
6253332328
3587147130
2293960441
5542603829
3040677439
5306729746
5340156269
2867226654
8287229574
9969848412
4317263837
5108883908
7172269951
2945787877
9494462530
7957527693
1633332139
5729775791
8682060438
8863786169
2940996965
6170033938
3218542032
1118504837
3077629491
9798585211
2090582456
3960014469
6579499762
6522979707
7679712480
5414250946
5458405805
2535274227
5431931561
5182164120
9220944387
5179002686
2128432752
9449410553
8130451667
1288054659
1515518792
4851680841
9126948052
6837334080
1268597515
6679983908
9824880381
1919101632
4704380163
1067792010
4450349442
7763007557
3025724134
3929144606
7913579307
8335189922
9326521344
2908066505
3398064230
7861343754
5683337971
8166580515
1945871001
5531766149
5374418521
1830672417
7038390496
9721234966
1386254041
6165845468
1405838834
7781716381
6062678707
1648035581
6241928078
8946133113
8953230845
4710008377
3115972284
2290913554
8879344026
9176679943
9494965028
2885529977
1372999950
4040622927
3460623410
3986519860
2844985382
2409190647
3116443338
9989584986
9559917338
4903071647
9233064254
4263252668
1149889479
4593487401
8230956320
6548377230
4626068330
6721457948
2691512436
8345761746
3197019081
6493557599
4669123600
1832137445
7418722364
8360196405
2234410124
1600310233
6825058733
7428808601
3413378732
5328919170
4175536479
8181530776
6958158852
4994904026
6767233181
9740235551
7421400609
9021671981
4113483065
1915570661
4456524619
5294578964
7777098107
4535180655
1571976717
2260996283
8899249091
9623226102
2437666197
4963213971
1733663494
9370957738
3572103875
5709619891
9466827738
3425474200
6607189340
7895588930
2556361166
7268453698
8109724092
3272984911
1678364528
5544672075
1659001110
7074713150
1343487022
5253526552
4920530697
3287200866
7027643989
1214292696
2515431463
8452769056
9923266536
7052451218
8163828701
8033445736
8088453846
8488033350
2220298953
1520583301
2969586269
7613799303
6423848683
1417646537
5744974253
5713857445
5527484182
2182118168
1381391934
2535614107
8633056113
6763857583
5241347536
8824203239
7677677423
8762716550
1330168496
6998189904
7843018264
8644870915
6811537414
3918851124
8311406552
3634099476
1758243472
8554789986
8821875614
5563115411
5595266912
7241666551
3944367657
2871876699
4864630956
6325180241
6569456642
9730782453
4247312878
6125298487
4489303674
3936032475
4462935720
3343735130
9718432494
3497892353
1225148659
8848301283
6384135644
1357205668
5425225862
6088269307
6040493931
2497600836
2219306610
5989319968
5331191556
9821388766
8857400416
5424734083
1526578895
7477114890
7477147628
3264493890
3253475950
5802161939
1925603698
2159913536
2719336294
5152863840
1934411539
3870855659
6335063585
8550563705
3092774114
9260502455
2601134227
2628332651
9733683969
2850085116
2419851545
8069647404
6311171308
5176745632
4305635249
9140793942
9790220623
6493252873
3821131110
3713043661
2074058053
8349387476
2867816454
6583209698
2154525834
6462739001
3275251385
8793964814
5538209813
1071169812
4941668457
2055667694
5756105122
5046445032
4223396441
3362126842
6232939282
4009145152
7411907737
6216047480
1333696415
9405203719
1064681079
5263142212
2339338412
4906922286
9433885482
3517653694
2172093108
1977314616
1301449899
4380008589
7199804796
5640665403
9844334865
7527597804
8657721834
4882101954
3674444420
6123829422
2615255084
2132568336
1359026978
1108884569
8917782149
6703003327
3062402099
5303094030
5953246198
3787153418
8025063926
6909325547
2172727389
2116586898
5056224326
1090156375
5659101796
1026281870
4615916624
6118348970
1862482469
4625326015
9783618417
8546157413
4548881477
2564150141
3006702901
3503355686
3046548122
7870615062
5921130514
9208615856
6809956138
2905996238
8027790130
4751537147
6009092505
5559691064
5244486682
9124736049
2215391284
8654154714
7555764021
2902110296
7576950986
3484917950
6991873221
7752205771
3309622082
2751917867
2499534324
3951032079
4068822462
2167902088
4969488881
3349463482
9958222283
1432601302
6572111011
3146821854
1868290912
5328895875
8598831275
5788862942
9513958269
1083346583
3345000784
8178232869
5733616644
6454158477
6704642067
8397138079
8547988366
8066765289
9303720687
1871897959
2097676113
9249168870
4067862556
4293102900
8548316102
9419926590
2626498009
5601869808
5431981713
2995316572
7596934310
6912472152
6864195867
9482682181
1974381053
5226089395
3965097775
5480631751
7200332341
5450686169
5740045269
5414507180
6032539605
1574194814
1560267929
3005629753
8442655080
9252688433
5050684842
8816501552
2366736580
1879404502
8919926287
8166668649
4925960782
2325095528
6930038497
7112924458
3972724998
1648705735
9052691444
4335110368
6873035815
8071241604
1333913218
7096401167
5746650078
3780798746
1471034458
7520009369
9887712126
5728995255
3095811749
5586822116
7350303655
8571220662
1319233567
9293948816
9664384636
3003960318
7701182598
1229572017
9968926771
2593027986
4030848680
5420638512
3014012310
5737430468
8362569800
5763336392
2948860190
5179623440
9922767318
7570458333
9921103721
8442016658
5781498646
8291458357
1433357525
5552333687
3436167682
2991165639
1214347682
7955648443
4888700895
2669453112
2426895204
1895211717
3597542846
6405500798
8969381858
6297150885
5870899982
7358874506
6265631598
4682164424
1431385017
8999214882
6171995236
3210107156
9959086127
6328761739
7922569580
3070796115
3355549347
6081972511
2114365701
9021719439
5301811680
1516028641
2596412355
1214571604
1342615321
2702112725
1692139298
2685370798
9158044281
1567944649
3376631057
5345669723
9461204121
1456076734
5933528807
6771220317
4187064121
3984120161
4669803608
4464826937
9001085044
5687488289
5888391087
2561834547
3470964508
4551826414
8510867026
9551577158
3210036485
5856441382
6701274404
2630265355
6152930904
8900505930
1874810439
2969148308
3250994682
4611419808
6387914993
6134364256
7443867113
4615779633
8476671639
3024048533
6566427922
1284184544
7948287941
8565585004
8982510073
4265611302
3687193614
7877973314
2615855341
4546087545
5587753942
9083959864
6030156709
8662170847
4722114382
4151943617
1919265095
3997863067
6925430900
2021958724
7364594677
7158987974
4958400770
8610375812
4298304329
4558375226
9849132016
5794914423
9157872415
3094710815
5121461250
1405183969
1226772588
8909396827
1768985394
3787560530
8474783601
4741022656
1820943324
5894038047
6838363785
3194101587
6854934599
1301127634
4876343940
2812862477
2797139233
5341246344
9739002091
4513522153
8550501950
2604432871
1952851727
7966131407
1299753695
5083599278
5577280632
8951710029
7769818169
7844882717
7244458553
4200204007
5053901212
6695648069
1109726369
3847788529
5950964582
1538591332
1726590425
6494028919
7236707498
8377164689
4346522933
6502305367
4096294149
2588047952
7071244616
4888242530
1455635001
9398445096
8579506568
8765447653
5895784218
8876750520
2308496312
3041424000
6675866424
1872300461
9670370264
9704722330
9553377677
6758523588
9251154805
2863659694
4098699328
9799575123
9303044301
1834940749
7860603362
5349730414
7400517909
2592222219
1797929937
4140792767
9466509358
8241279085
7875109625
2931496118
6796776284
6875754102
5996805659
2963248364
6082591794
6765237102
1762512955
6953232240
2234938905
5471014971
1531093181
2664338635
2310270058
9836340811
4386096531
3745197373
2927592804
7895976380
1271149904
1001849976
1283428121
9297454372
6398021688
4943953341
1190339335
2917605376
4327720991
2122317371
3843068729
6798411215
7843138053
5804466518
1301398931
7722955757
3254225053
8293298207
9777943090
5744172161
5057649316
9643705229
5241791772
3145885691
6768062191
9066830691
7006191465
4794108467
4323103007
7515111968
5459191001
4594281939
6542336641
9477961019
8364823445
5238790186
3219889986
2747790586
6859767923
9594829616
7697285537
1778250008
4435609457
7854147814
2367738364
7850238660
3338008599
5343863478
8091902430
5105431052
8939162735
8204230538
4605866398
1365213780
9447531973
1587650043
9556853919
5461440651
1192297383
4983256474
5998567944
7489129653
8927866149
5106640504
3425050685
7528685409
3145813312
6108201787
2780917327
4594944397
4226877339
5654384920
8488708253
9431992856
7941481261
5885465494
4823547442
5275816329
5452668337
6620506474
4677187158
9349462662
6895487765
1027004488
7947003500
8364864427
2199129470
5776979503
6898408243
3046618762
8392156647
8108432461
3534557094
8170249908
8999558015
6497554375
7653288639
9632528562
4274176067
2107049452
4002890892
3442268334
4136170971
2283433946
4615378981
8826031284
5072584127
2024758256
8897561231
2040703450
9606410267
7724279729
5452360506
6861612105
3629125353
8854906803
7910138808
5456489885
1050853604
7076307794
8850767443
6578158509
3370221626
1104140313
2750173344
6697503715
4612141129
5787079730
7752094120
1941041854
6605975156
9516906140
7285865023
6294201518
6861699997
4620406321
2072326733
5765689975
9413837593
1742875298
6479245030
2207130865
8745894809
4421183063
2675500323
1951015511
9200209716
1082100685
9808758463
4854125981
2668307571
4705588446
9551727884
9048617097
6205599598
2269758600
1367296733
7695183086
4613657796
2991125259
5075329358
2565029680
4709731183
8253994402
9983966714
5703439975
8727394363
2170694769
2804525533
1173997073
1839337548
6526508926