6462975051
8796910105
2145599020
8953656045
2534260025
7138856751
3493542927
7268514769
3762696332
5492174552
2239919101
7018075365
9834764655
3956831174
4724003576
7845074312
3806302312
7869160095
8083517546
8061906543
6079675509
4002134650
4907857387
6930945570
6563863734
3468918713
8501836869
3913058613
3244034082
3715156372
4744230423
5049395798
2352631541
4177893679
8733054853
7371430065
5154876828
8148472099
2273218314
9259143898
8085924062
8971617601
6019026117
1020490477
5390463059
8135285966
3855978749
3128438302
1127593910
1443692112
1976455111
7515672181
9123675963
1913541601
1427789240
5963728173
2102543702
2147649562
4152758930
8129042196
1701439184
3086254167
8000604154
3522400476
1188134068
9293706178
7981324981
8239300760
9833153840
3841228778
2232434961
9279787061
7205225752
3894501222
7907104845
3631083009
5302988016
1463586086
7528933582
7456294233
9722388089
8838319228
4914755887
1522715752
9824678529
9983903202
3696480118
6533352842
2051806235
9958563481
2076477945
8861146477
7406398667
8332802487
3383962035
5222552510
5102178009
2574650151
3148823039
5910613916
4134439070
9079871845
4498205372
5316871363
3912442566
5667210240
5585335425
3385809347
8613996537
6348933860
5435880976
1795662480
6532901311
2543636176
4436418322
9237474786
8484880861
5769246367
9427894799
8677102763
7641812036
4649491254
6620305135
4570161703
2376268590
7850365463
8867761478
8917707500
5116045193
9251601967
5675371153
4215665661
5892352693
4992877208
5505851628
6376441519
7873863823
8528878578
8210898977
3611871840
4266772137
9596233678
2542120914
9618914418
6367942621
4332173934
4365923399
4579823843
4418498531
2669222375
4243439565
1522301006
8065242987
8292913188
4777899978
8065675836
2230872709
3029551575
4329181335
9059464180
9155916252
8808439404
1898076415
4435500027
4082843992
3715246076
7375851826
9859682119
4009892482
7613593433
9091746373
3997808242
6771365107
9871995351
9570804753
1561907785
9752127145
1187336047
2315103368
4122340791
6611202510
7089752763
2382842192
5047294135
1691344501
3368446008
5064100134
3220983037
3951185828
5735124197
9797837030
8702422188
3282492768
5857216438
6739317249
3253211698
2667414529
1402842646
2005087954
8753135467
4878820208
9955655515
9816421272
2928575879
4399095471
1155879502
4621103131
8854037684
7861502829
8650604044
5502038395
9854145398
1490195356
8324784241
1341963169
3826731275
5052721237
4420173275
4275844487
7263586443
8723386675
9178918743
2524832833
7880015138
4971248576
5682276752
5772259968
6712018218
1168150420
7365146872
5268203777
5573964921
2968564515
9785565814
7826609912
9248154169
4054711258
3058345453
6986449951
7921681105
2133244614
5184613056
1151217476
4764476004
9969499062
6523407618
9528431332
2658486263
9989111705
3406040074
4249401941
4388606974
6195652880
4365047959
7084898905
3818922926
3423275796
5529719626
5131186277
9137545578
3668638123
5827766535
4401689914
2594546470
9322082484
1064122172
2431332785
8658132865
7317716975
9748475779
7062413494
1669728719
4313471218
6153782758
6628529706
6070080853
4122704029
8639819062
7932562556
5433979319
1484578214
7458024374
1612187624
4444323798
3172704209
8408408363
6544464591
3352186448
3040152642
7394697351
4803609469
4857220055
1993532523
8444503761
1117858964
5448838844
1589429242
5862536248
7073557717
5301552600
8194815757
1451701273
9031030757
5845846911
2680371184
1324266197
3111486551
1082047989
8741438176
9069899744
8189464841
5783811042
9630694881
6944211600
6824704260
4775180589
8115557865
4329059253
4352534880
2495760242
2442626377
3930156657
6381287567
4711756332
3608918893
6264615890
9664758052
5334883793
7912525727
5091143081
8363377467
7169384470
8227376800
4681971881
4312845693
4613091801
4528958875
8651824576
8352541806
3407835522
3822566720
1339198973
5337036839
8158444840
2987839073
5872695797
4494643659
8048489039
6317694115
3784457185
4300438197
6300852033
1835189576
7559484151
7632160880
8579031332
8546790495
5713755412
7546147455
4727018831
7911979542
9480183939
8259223215
4554783796
5589912814
9749373637
8438091510
4096541517
4007794229
6457694415
5506060881
8799648776
5834735084
9850472012
9495357803
3221404249
4499389906
3892655468
2965028343
4633924050
2215253064
8834725722
4070660858
8157181693
8205720637
3587529213
9871167143
8899712097
3134079672
3102309509
8368292258
8024651745
4051294812
4044010309
5806842455
1053138626
5505005104
4855981470
3066311264
7606636278
6456394623
3923340621
4141877944
9146398279
4742741990
4928377253
5671842557
2655486175
4595442712
7914674423
5593980991
2263989427
5990961894
2641829121
4795611610
6760466090
9955908824
6554597282
1602982798
9603059053
7812835839
1719535336
7603605023
4967613262
7854510097
5812557580
1134756177
4205489935
1340400089
3186248643
3089298721
9464109089
3369650945
6091896707
1698965464
7548107542
7933228781
5041047544
8360575161
3899256519
7625209371
7492699323
1654744425
8759681801
1053453184
3020360067
9702545772
7738778283
2780248387
2110122842
9025306911
7188435822
1289674655
7567534391
5930695920
6244808429
8357067247
4387816502
3166365169
8610041013
7529276447
5964197819
9056887710
4561609882
6416992309
9428665152
5644348591
9284507279
5020492130
6939474044
7517874661
4554900965
2451032601
9269562440
3393550885
7622926349
8556611013
6815904403
2646936131
1856908981
4291332685
6794036404
1523261255
8422399351
1669697080
8085376129
3944337876
4848632900
7403900728
7730548852
4525784818
9644912764
6074842670
7861758004
7393272287
3835123941
9591850983
7626596132
4482260508
9303678458
9939774421
4176788568
9951449596
6384976050
7530336406
3130133084
5370085339
3245364274
1868448692
9493384785
9544615631
5812228297
2499870044
8871060270
4563127198
9366479950
4014160381
3440755302
8525990321
3629347524
3657521328
4033753310
8691848245
9327273361
5253272126
6863889972
2234287749
9827616168
7390825949
9238497712
4879641286
1126467817
6890152752
4842735218
3511047133
1651421009
9451894589
2146437241
7090105373
7052490509
6524744456
6292100210
1961752824
2623935237
1185468652
2760544226
7894173750
1043445184
3922781518
4840103971
5249373332
1663341952
3602223710
2801768022
4854659204
7960071488
5095059699
7236117862
3446322997
8115677492
1289296043
6610561066
5048986174
6659271663
8091644680
1177103866
8459779640
8007391429
2206752726
7111643817
2022427742
9476022418
2723335360
2626133284
8852933749
8853553743
7024712493
7577024127
3378338437
4581654870
8182273638
4315189016
5050653590
3372765659
7295586296
1526050556
2626491290
3391903898
4503216975
8342056395
3940298641
6943145546
1609974245
9715732487
4573943963
5073100808
7644571512
4477964785
2979403996
3331729246
7986190269
4550336675
3439198731
4637324307
9534370105
1247026101
4225907850
7311096230
1211354937
2439756213
4395535481
1655204798
8137281883
7145180753
8292716247
8960329271
7963445349
2589310085
9843776211
4470599391
6267899673
5234007782
3077996318
7378670179
3407053347
5675720631
2933383751
9845501284
5627803279
6492314248
5559019944
1281949148
8892028376
2278604497
8006997767
9336489522
9741131320
6549917732
5354517945
4420344933
8378106914
3281503275
9470626349
6203788944
5859349156
6542898164
6935183546
8646580259
8121394712
5797356324
2308675961
3451027357
8644456210
4210141473
8596157617
6487488139
1157315874
5584788739
1892077227
2722163564
1311539458
4092570190
1203987936
3977206108
4214430947
3639134070
8175827481
2872578499
9053890463
1394931323
5989925161
4797356309
2215796367
4876911074
7528569635
8468644545
6372494168
1089150434
7833298297
8422350471
2800194505
3945097733
2703988187
5143191937
1515465140
1855666825
3472007721
8573380977
6078027777
7122854033
5139250966
6962846822
6694926842
6384481051
8251027763
1869330699
3230407172
4277753545
4345228530
9126666628
2401432190
6591403031
4490761650
1970959539
1659216875
5295190692
8380273250
1881315748
4322535359
8497791652
5178079710
9129881613
9702503293
8011207958
7382239523
2154880171
3452632047
9987148148
7118344147
2855516344
8258671539
7601804701
9526452212
3673256472
5335072877
8799838502
1081965294
6261098100
6742773082
8949420763
9931930194
5432889304
3823243684
2081235871
2723744096
8808258702
6320238806
1078215938
7268772763
1433153234
4538782920
2927216359
9688936323
9540745517
3878246741
6230081175
8376222111
3060086745
7456333903
3575245998
9726442447
5016148177
3567687603
9761664569
7744396383
2803808723
1262467360
9789577585
9118493866
5281282866
2710157703
9714819572
4642744117
5174221566
9302485316
9663658974
5621149156
1341292351
7669736847
4152891695
2118985614
7479357075
7752323722
6403616165
1345619646
1269324551
5572128762
6919013214
6692542566
1570728415
4566026335
1316623936
4957593311
2134617204
8740410373
5478772711
9885877352
9535739590
6756409715
8310972112
2980787366
2631348082
2330562660
4500568008
4712219706
1372887172
1773369450
6181893501
5646756619
4197223194
9917332699
8281859918
3885905115
3566666404
6702064101
4038184749
1919550610
6686264300
5872284240
1280556257
5846455582
1488735038
7890733766
7583254382
1375713352
3379085259
6995694169
8432339618
7265411919
6811577609
5087741988
2638979881
7376252844
9529810474
3129946624
6885878471
6519625788
1654079605
3136313822
8691773580
9489873023
7360622254
6078918702
8401656812
3675911004
6326274999
5547902737
5197915812
3926192076
3412221562
9543648308
9918500826
8960752474
6815486896
8740756461
9216317992
2714956721
5252119208
6877944060
3189357489
5741868853
7289109106
6015006927
8638286486
6833864170
7953516979
7168958409
9264987567
9170620367
1072283529
3109501536
7599726213
4749544987
9679296184
5068567604
1733249181
1206183678
3644161302
2604953142
5551528745
1224255949
7486176735
8005423171
9597108561
3780798459
6274873257
5678825500
6326922947
8210680799
9389070786
8741423789
8889239835
8271811988
6288334561
7303011531
2021713905
2914213602
5941474273
8747883572
4701227504
9576412698
2489661234
3596689181
2779828678
8164665224
9596243062
7489382677
1363676098
9305099045
4619034906
2317985624
1434469741
5672186836
7080147033
8712644989
1536853979
3347609308
6941122410
1905280651
4964789401
9926640981
7082987723
5457864863
6783177449
9336965083
5449135046
1640979772
9860771382
3769690364
9987558725
8516755019
8943676553
6313793311
2620817394
4096075815
1700277304
7748542252
8363911365
6638601592
1655031188
2274428276
9876443297
4922516685
8562401357
8950712740
4174938313
5726424523
3846479586
1335256935
4450567664
7493100749
2837747751
8157164704
7634906658
4844066058
2402246256
5698705695
1851103088
6810466148
4986226825
4843005981
3312949880
2656013157
8384905400
8797715878
1834455133
2086288057
6158376124
6484148825
1696241684
4813667790
3271144904
8434649093
7830031366
6512841994
9682762812
2743865379
4043750737
6746367085
7611137207
7597087592
6935879160
7558854268
3278419697
3276177682
3203387882
2879685049
2350752732
4967712561
6827693164
6664977736
2423872142
3936802669
5826981266
6071116624
6357259060
2026219834
8573406098
5760538124
3276713475
1262727218
2800596352
1703393306
7280130626
4943886948
1901946255
6203470978
1937419289
2051162502
3449951459
4720509634
9609992225
4989453943
4039477833
1533002591
9864575503
3027775373
8983109050
1143002152
7345356964
8880928603
3027932775
9230416685
8611657940
6534253299
8762015600
6925161938
6393806380
9836540401
2346341648
3096880586
4523644569
3259256852
7185307473
4776517713
2633479805
4170720716
5724046716
1306969499
8770471884
1684481271
6780728119
8742216879
8953771057
7682524647
8853427583
2426517642
2007630910
4973947763
2930879431
6638280841
5875136407
5590486775
4583660187
6371065186
7793923853
7202136248
8949661397
1212042011
6965219966
1037883549
5530913704
5035435855
6744867596
7114732987
3482657709
3552989501
3678990450
6105159023
8425730830
4839604811
8188948840
1462392653
9482973835
4315002765
2891779591
2525410692
3374353816
8816345505
2373084736
3498345048
5253712549
6621168994
7994505861
3023947017
5623891573
4733870649
5883311262
7401920759
1101725003
9137841797
3282164656
9467958961
6838812040
7417589118
1675137540
3013230152
7474014558
5409754795
9640637762
3701726838
1106134768
4897445959
8355180820
8006282308
3672667244
5148790334
6069320772
5591048896
7021559769
8611295421
2385549507
9150193108
1497570982
7678623189
3400521262
8648412743
3463028959
8368046276
4058607881
4395107668
5391780013
1601513386
9000602536
6180879940
6025578039
5974493367
6479124780
9605865617
5027983491
4364938827
8195906960
8734523385
4957148551
8261964634
9544783927
4042154567
8302374160
4829756997
9879367853
3400739996
9743758375
2836165802
1551043867
4072832822
5094546377
8897087295
5807507733
2318579195
2348644600
9437843818
4202668849
4602679618
9030909308
2651332391
1147248082
9167119922
1535342228
3895735857
6710586856
6067150635
3275681797
5183213439
4542140998
7668115993
1623627835
5916472176
7331610139
6881035080
4070465177
1232233723
3466290179
7043565534
3997214583
5558060517
8314008799
3097798532
9987489562
5352609620
3391478850
4421830709
3855348908
5234500327
9936651993
8583005707
4274938279
8984650694
5438765256
1867745490
7318252584
5308403146
2102580838
8961431671
9599775213
6367827788
5380515324
5450696120
6031259709
8435422183
8824201094
3177038247
7777170143
7170425504
3189979225
3770331099
3430232311
7426048122
3969045989
8318526888
8262116841
6133227425
2670188229
7149765074
3953348227
8601423154
7055954561
5102367564
8954030792
7106913940
6893340992
4939731378
7150815980
5876397103
3009771213
7928545437
7012024341
4485449791
6680718872
5124868060
7180043647
8199646141
2923065338
7394466796
5462249188
6079265967
8078241499
1657406379
8410874224
9214706128
2875189056
9745389286
4806365390
8388339496
1057899320
4769283149
6359844918
3548937345
8426018815
5903725871
6542399612
5153097140
9624284624
6679062928
7985430720
7275749376
7571983374
8944827191
7762481013
6173442978
2222875742
8475598061
2940275229
8726815030
7344355875
5539094295
8582807234
6742470825
9325145104
9634020483
6751077757
6361103811
9475384521
8563046231
7491440091
3891459885
5365741675
9479521907
2611822575
3928032740
9519583243
9625038067
4616577430
5643830779
3675752433
2871698945
3750412331
7358485880
9801154685
1168085722
7538527954
2847495781
3688602774
9097061282
5815152005
2520051404
3491276594
7089255507
4007198354
8648119517
6005447648
7766051091
5310770061
2276970072
1330913273
3252894880
6488342289
9119957430
2412211042
8365896202
6941544213
4565209012
7548635164
8605530071
3168107404
3386696375
4876456373
3506238655
2167148774
7848038805
2029662484
2942868783
4693226668
4375849260
7808556447
5866432285
6793587985
2977260055
9087114293
4596869746
3354740824
3766353614
7568172568
9409134055
8583507237
7119166545
8093350981
8205375788
4817748238
7609380113
3915777929
7617408984
7345956554
1006486666
3160661300
2214533011
1049354467
3824842167
7754657402
8071431357
1297867225
2534449415
6255901843
9901311436
1275556093
5932834796
5721957098
3951997428
1138596792
6067187875
5405118676
7298998279
5445472579
1638948821
5956537125
1876335293
8848687881
8801615806
5001865528
3598598394
1839007251
1163143911
6263846701
4145462784
1807092844
1530482858
2341015979
5983776827
7864254042
5996434508
6902961160
4497218938
5121852687
2512527101
2405519535
4134761664
5845538193
1838324957
3643080016
2559908913
8937887923
9075850671
9846664407
5810379888
3197337769
3020215031
4172256965
4367067050
9025501239
2972050685
3041704664
9976920460
7430807927
6667949783
2634633592
5450953724
8866192727
3108430787
1800825186
7554297969
9719658674
4948263956
4965093717
2436696792
4233777811
7171523933
3111082374
9605489202
2538708722
5165524681
3150804397
7896740511
4226627039
1711655624
6832091278
5615243645
3735866447
6085842171
4904813885
2397289985
9460105616
7252127038
2384949542
7573485398
3692090643
2113302754
9803420034
5031072612
4303508166
9302838379
7977847764
6042914675
3976007915
5952832810
2183571119
9541483658
8551267954
2593100585
6598713798
5559586454
6593236059
7458017525
7055615819
8532470023
9747691537
4174007497
3367877917
9720150255
3372814266
3771391849
2652651471
4246209017
8143856143
1240378682
2561940000
8316022869
1968732696
8421748201
6855081282
2019285712
1890970762
2620665795
8097572413
8250846164
1500106874
5402607090
4599704111
8639579651
2565870445
2256989175
7686186623
6376511191
3056055235
4078987040
7442543654
4462987944
3043498859
2112188614
4712613539
2694138242
8573611855
8107940156
4712505599
6876936652
3204623766
7129037099
7288492009
9753934237
5169004970
3040112510
2326477080
8886025718
9886432087
9855666810
7116852674
2406568437
1539266337
4484487399
6861777983
5338282869
8875268151
4754128870
9363116067
3350685417
5038312584
6165234361
4626891888
3328396288
6536943659
8400432090
9472332963
7944443265
7744425406
5757721420
8530731338
4987519005
8923066143
7724540147
4861558588
7797089757
3461122499
3523990975
3171915451
1117371105
8580726583
4745079892
6131835867
9442925353
9237684787
3624113481
6580444644
3388688148
9097395110
4650119220
3964435077
8982872770
5471196836
4623674558
6620817463
6779302595
1133995888
6255032741
3781792581
2825871746
7569067140
6089442840
5399272240
6924938640
4935816997
6462238478
2363484193
3102229627
9829565786
1746398732
2311030361
1961249389
8696895953
8550605250
9391021590
7980599672
7357547816
7656308736
6117258339
9724696884
9290856195
1385686877
2153425756
3827727063
4838936160
2928249129
5882727954
5923615891
9901044433
1914194603
4207054360
5337055094
1971518261
6283384274
8779408823
9559131559
3584828097
6143541212
2040398688
9080659913
1806418174
3157952893
6724749555
9500411275
2615093138
7983129638
9672210137
1254118487
1836032484
9314903204
7988172110
9946221207
4539077709
8571729509
2606916475
6453705822
9807870945
7271686710
6741083766
3394811195
7890433596
5333816699
9398056622
7904314319
6662534445
7271378694
4050243913
1243797957
9922234442
1199041088
3754759208
4442899818
9870936402
5203987617
7904096057
2953193697
1750783869
9996263202
3128710870
7578325228
4854058778
3133493637
2124315300
1273412353
9923937795
5039924649
9467663417
7988858222
6649448570
2773485503
5056327464
1984381334
8209698278
9756012961
7456085123
2613723142
4864658164
7982704304
4188146440
8641797079
4305727124
6097488340
2548971537
7712764674
5562303496
8949891254
3776102247
4039993569
4961023691
9556572775
5942044586
9292165793
1578681316
4487792974
2269470574
7438886628
5150150673
1207635259
2673253883
4337559487
1809246330
1903229142
4693287663
7297162414
4419187427
5824386997
3588446402
2806368831
4694680972
1393599070
9960420264
4033012948
9334873757
1658005695
1671450388
6221370150
5686896348
7474451181
6060640737
8484503005
6461692424
1070646295
5154118351
7678610000
8690493717
1083365756
6644223386
3906516728
9801993478
1981186555
6134354176
2313033282
3343636371
2499340606
1327270212
7105551179
8638923210
4556717570
7739160730
2422893551
8305260313
9133489473
6589923217
7311498050
3249227269
7392676528
5406399592
2547952647
8151290629
5047555132
5123142664
1680137922
7095512101
8937894104
4784838945
3535703719
8500361756
6271813372
7680390399
5803493669
2713987437
1347753181
9001511938
5295918490
3904137568
6770257060
8145769909
3603971002
2408001821
4405662568
7124706961
4705412384
1351278658
5026169300
3269777993
8172819959
9136498274
6855865706
7866873377
8432140959
5619729386
3211219572
7880857416
8319630536
8559276365
6271289435
6633865767
7156136452
9756182397
4628231608
9464256958
1759388559
7849155930
4499556294
5421552522
3897842473
4524767342
3201456829
6492730919
8197550060
4377681063
2770918615
3370272143
8505189235
1912810333
2557681232
9903280294
2117651656
6532228120
3855963905
7195702172
9320080099
5419103597
4553238818
3312287004
8336083378
8426081521
1279338281
3086417952
7588186521
8227072175
8407898623
7641300799
8582438373
7252675078
2886341805
1889933419
9205918096
2977103352
2202047961
6641539116
1824298204
1358756400
6380231619
6517330963
2110216288
7789403354
8176861800
3191169664
4911146688
3541814485
7991307388
2254786938
3134885618
2983182772
8098898584
5576385848
2307756667
8079601562
4300438144
2692211265
7766037597
5986382970
7552462517
7151024678
9802456531
2857530817
1120938973
4150971063
6061075170
1284657464
3703652921
1155288293
7702366262
3611012468
3258341299
2015598352
7079847571
4208121183
5992635704
8896432085
5019897081
9225240366
1386471931
8250895760
8083962679
6950927911
1095342433
5572687714
7756365301
9622903761
8279377836
8989336589
4263750070
9320139892
8499679501
5215698465
4556681712
5874105960
1741618491
8787867734
2319569107
2658982183
8639323838
3687409229
5363437263
2103861458
4825674267
3652761748
7262913768
3657642535
1058884027
3046702951
4860517057
9841723871
9462981481
4264338395
7077562685
5401269272
7627785948
8797713375
8858883443
4779291790
6349257590
2828211159
7504869330
6478681616
7291561316
3862237637
7966928598
5386782361
5182228791
1277873654
7143050353
8717498211
8208628045
5323120211
5981662681
8018019719
7854775754
1048621185
5197544133
5391162735
3685269253
1755099368
8139405052
4941743846
1781171352
6738118464
3179449583
8779809250
3872354099
6294002421
2204490860
6473550606
6289491947
5862177120
2153862471
3718266332
3022364863
4509629946
2464609376
3401024236
9623565909
2273699691
4360518174
2609844423
2688808117
2713117514
1254584327
6778753756
5072435911
8604372627
7324356762
8358904149
9334295332
4064180464
4348661605
5796896750
2621678708
1654555767
1958089958
9606872844
9290733510
8975002165
1250811601
5611406989
7043168766
1899958130
3429914107
7912066222
7115615221
2266785582
7103445704
3293681048
6445067618
1458465083
6019144643
5887269030
6374721232
4657601400
5999235440
8883599253
3404818211
4937179272
3898590651
3020642507
8059003422
7926324805
9850731081
2049753543
6255251769
4204975636
1456227758
4736871057
1382385180
8511344821
4486853598
1464513173
8303800647
2656649488
5927508496
8712051251
4703940803
4546454129
8836621200
5218960089
5967009109
6996778689
4807778829
4333572492
3340657072
8019389089
1759795393
8744899210
3268976650
5457391268
8889102957
8348815651
6528914916
5052770112
1150376254
3290530695
9256298574
3214707943
1670684963
5602274219
1403969288
1937141309
8217663670
4682160519
8494609443
1622758627
4065533095
2083843123
3211910183
4649255280
2791809706
5740926556
4896393740
2673104972
7406328333
8213998717
8797453358
3912269387
1732956134
1268941361
1700877123
6310235763
6170605596
5571471966
2998439293
7990526574
2354331067
8461533699
7890555605
4087583842
3972534774
9481947820
8074993885
8588989106
5882395703
8521244883
3850757459
5767825758
3767898956
6719185571
2773913105
7030752385
6624779278
3659769330
3014862916
1645808816
3079171010
7923995746
3662833001
4606500829
6590780488
8227143330
4919060968
1238020595
1861782608
8625016455
2169381062
5635985959
6508100016
6026231477
1503710348
7725762120
7516184918
1510288954
2570980151
2132896135
1965016411
5705376639
7994353946
6507519220
8331927609
6827751502
6256482195
2914469487
2395634135
1500087998
3571291779
9805046683
5931539574
4491222901
2975424350
4047946386
8266479040
9844282315
7519052100
7656759959
9415310063
5752902279
7577642856
7729511972
2244846720
4237871905
8338395269
1494143829
1772900452
6452227826
2863560076
2941410569
7488007044
6264774426
3734369814
2777461185
3645274618
9520963473
7959386942
7888323835
8837072305
4968051373
8536276148
3256108124
4896906154
6200822742
8116993148
9960327056
7363550438
4138601477
8404649628
4738292003
8535708662
7201402782
7983984097
2233310034
5948096448
9430308811
9220642634
9795129147
9206991807
8768182436
9044235083
9529172035
9154188895
2387501426
4259707396
2655292438
1218491133
2094631467
7355578166
5203948888
1335048735
3160416762
6099521144
4676884833
6959094899
2556303576
3251048489
6141884201
6856923129
4086644348
3135266599
5995097996
3328098027
8225645319
7749184348
9992449344
4246255122
7762933580
1617708022
2630259699
6772798911
1215216589
5230198987
3812257213
3964485023
6924278979
6187799928
4041636554
2520978153
1256387912
8778630284
9662891970
3624604908
2176719437
7263259565
6009440135
3570527710
3065815435
1210506566
8016071519
8111991050
1289934439
4420258456
5948413890
8912531818
5052383968
1008211398
3194041272
1227014691
6077390635
3739869480
7911485518
8272879585
7416953384
4532402297
8637303713
4473843229
7301685449
6531350298
1746231827
6428172723
8984929708
8691467111
1486101600
5277479095
4601894623
1300854025
1187774181
2136002270
3801007471
2815678914
2309078343
4364275259
9153428009
9913484299
6000993056
6874751643
5159696240
6231323873
6109800741
9284773740
6296452748
6048811428
4660622217
4099125993
9491049476
6167456324
6732715417
1996182222
2794671587
8660376840
9199937060
2384262941
9753873797
6780954595
8312366443
5434699914
8566223804
1196086039
8074941560
8910141468
1981995375
3165869186
6352118592
4097107735
4648279265
5501386715
8038928421
8642043951
5212549542
3154867822
9224152055
5507566455
8037889195
1368428070
7362405534
4755077505
4991639152
6868156373
4082070176
5257405306
3926659116
3368006627
8401742486
4019753362
9571792076
9877425368
3439310405
7295669188
9011783336
3069593723
9885451805
9859714801
4591928389
6544534630
4121497706
5157729374
5339531083
8218814697
9332641414
9857374006
2444411732
1951071123
4690991158
1330419366
2483722366
8324616548
6732011022
6858396603
1782044890
3009558745
6475647184
2555902225
9855944442
5447434702
1643997841
6547287145
5623280866
8889140177
5646839749
8546086195
7723634086
3275795963
6343655670
4404698687
3457881060
2756849392
1489826330
8676099051
8388825399
7865984178
1668960482
2371527514
4214828573
2340841701
4534702586
3864540533
1023509607
2836496556
4600004816
3908572775
3680382466
1418905988
9913185938
3711725726
7282101872
4413075577
6902347994
7245223772
2631416837
9954317218
7786214556
6803773169
9824346545
7771606817
8393036445
4084447288
9763310058
2845942218
6356796791
9028769242
6825406526
8777675429
9246220304
6322899460
5153243301
6902267295
9990773785
8109412211
6892644566
2024216611
6757876056
8670749419
1448205157
1942899540
5958924057
6146438985
2779383260
6186315280
6107038176
6549552779
7699746347
3681008388
2881935707
5798873964
4722706909
6643952801
6630171269
1542702235
2385069334
8462986724
2787607170
6254012924
2561505824
3538613764
4583763224
7385971459
3623024067
2033840139
1276849388
8239280514
1930018166
2228590199
6293133625
5879509097
2311931384
9914436331
3144989414
4480395659
6925982574
4560396955
6368612629
7089113568
7568737852
9882698357
5044562877
6053642325
2128003453
5657841922
2334065077
8706616047
1255611649
5495204762
1659466147
2388697980
6026976407
3307384203
8916827275
1796804585
7668013739
4400467576
1967123570
5080568217
5254720197
7183717458
1572026798
6736182081
2522234973
6063936112
7611497824
2375101239
2869012910
1360934010
5939044050
6872476456
6053540357
7672289842
4711172531
4126174346
4291185568
2965256579
9793360007
7015935351
6318704054
3943651142
5840639529
4518804186
5091619027
9529430968
7713619968
6916495213
7414025439
8838636782
6843484149
4373123848
2619999921
4159435846
9049920127
7440917235
3512808117
2262412099
1407888901
9944941840
1018925678
2242357312
6625304527
5173064323
3501804575
4999207475
8770800236
8268745611
1712545687
9075899688
4618234132
8809491805
8603500717
4846622463
2773586883
6800450944
6980220239
9085689502
8982066959
5655554497
9942265135
1934874775
9935376286
2213026175
7835180326
1419379810
2506637837
3411789892
4486323943
8773227212
1962750512
5421571776
5084374687
6216258397
1627673577
4538558110
9177390766
4016418185
9838573971
6724712191
7318513288
3003082992
9375936527
7543739703
2573776758
9115550451
3892698710
9716737556
5181251252
2261306066
5553993084
3093278700
6211565717
3027716130
5344019572
4053193315
7458413195
4766869758
6148244906
3466752390
7864049946
1491549211
8546698102
7848918565
1163649004
6867961904
2038374448
1573674064
7903295162
5686532271
2250975103
8388568598
3473304478
7925306825
7318004634
7260418215
6685080087
2490398492
4090553840
5336565217
2019008698
2216577526
6928213277
3130031917
9464676770
6467368571
2239456463
5608060203
6071663637
9521474258
8345347121
2268374611
5925678193
3242481889
7870454096
9551919021
1751865625
5382390572
5674288976
1295075715
3520877204
6407016621
1600916495
9260362356
1531980080
6719267538
8313690160
1655777910
9779887868
9284044898
6348053086
3289219495
7154284751
1142363978
9164943668
9053514145
1326568494
4227510580
6641900583
4553472915
4412741559
4497302985
2773732973
2721065266
3372815264
7327289288
7175400893
9893627595
1572602345
2246046166
8298816814
8803069765
4374011862
6288300459
9455874281
8624165349
7523195641
7608007632
2016270004
1818899706
4776560119
1869635139
2561203708
9620315711
7510408924
7271132897
2138190939
4439322516
2437284944
1070389270
7499756979
9951504783
7101961527
2675388391
7040882748
7818809222
5646812954
4289041894
3154388926
8804188959
4068377130
3956416753
2790938191
7307313396
2874915565
9715555575
8649804530
9424050917
8139272186
4223950003
8915111390
2112222166
3928470418
3591840987
2733412949
7595183472
6627315407
3511439737
6654394289
7607973199
2829429939
3135835306
2328847371
6246482108
4594253152
5111484965
5567249944
9077440118
8062221191
5896541532
4669537272
3830621278
5475209279
9790667138
4689086345
3646098856
2362977234
6903006319
6530331974
5009585678
2791917470
5626851556
2000556597
6900894825
6229667850
1652874481
6942197790
2781380460
4122329930
1487117195
1335434063
4568905826
8425816702
6694767267
1706443507
8600407981
8782486100
2114215962
4249012129
2750092206
5540163245
7196672646
1768615428
6663990334
3740950483
8391049999
5744461412
1861749213
6353293066
2048034457
2025878753
7454258515
3446608280
8593054832
7709070427
2331575984
7196989169
3023670301
3395807134
4892922682
2592820660
2918614430
8084434508
4229044895
6019705207
6261062830
3590091899
3335251370
8751680106
3086057606
4299406739
1029550923
1790948577
7273022763
5889263668
5568587274
2655946066
8724467567
4377402148
9395111349
1528055925
3280245262
3856310029
8371215721
6305274436
9140518649
7006091136
5344918533
5143160040
2850153378
9103317795
4793141266
5074921251
1019033820
8604477246
9939831316
9886733921
6212261249
9532156293
6172426858
2299057422
9903307908
4209553556
6697435965
8078064178
9142831357
9202580363
6286774152
6891041794
6033076937
5326093160
9748445646
5110815626
6990974793
7754372775
9920773106
4758389869
2573079644
9254128520
1033068872
1093727671
9190271667
1006229082
2479609900
1599438399
5263318820
7196238547
2982419695
4260424184
8437623443
1985390920
2316229332
2582627741
6896437605
6742906371
5896806344
5638203188
6826464533
4144212983
4221323869
4264199913
7579037160
3688447713
1725468667
1477939567
7663762682
1889440715
4754073271
8192780093
3726151291
3329983893
2019664784
3170137493
1942934107
8182256287
2784262252
3565738311
2368735965
7097969051
3579176255
9987643760
4780203031
3479333693
9374717191
5127929719
8156577735
4161068493
9778932490
7148868431
7789938028
2665398856
7307529870
1615784095
6531950443
3696639212
4311515230
4333917975
5067078417
8545794128
9753917695
1986974854
8591236710
8533366200
9382749586
3943817468
8981308038
9311334175
1755774667
4778095093
4210953706
9759221175
7555502018
2764471021
5613936984
3263200788
6822016215
9603846235
1125685030
9230856243
5479918492
9359934203
1331825120
5668601213
9742564015
8645881204
5192967865
2463059184
8416989440
6928999351
7007768419
3843416801
4344606009
2452329723
5331006040
7699335122
5050603918
7914433613
6766219048
2247037979
3444137156
1427439221
1468333065
2165846383
7436780195
8406396596
7275572832
1357500633
9744394421
6007314880
6169979558
9144259336
3894884344
4625717412
3881061575
5647601246
1869780932
8345127753
3369202986
7817836701
1266597285
1620886325
3151908966
9484021620
3724775719
4541814266
6360293044
9298795957
3711310948
8052630024
6948170661
7107476102
3973031273
5951776563
8350014834
9262909820
4957558677
1430722115
2478479096
7161837877
3246837110
3226983812
4937570727
8432626784
3560302128
4700741120
9020039647
2793500031
2531505510
7254421010
7109101571
9033434785
9314424011
7458138255
6931907463
1236808502
9029549463
2778616982
3914913281
6483528729
3115515081
1420608718
5366364295
2763056809
4183968067
8423663119
1113127222
5428212995
7146284592
5687985730
7659910369
3313100520
6287568759
2195778610
7287823324
3976844393
4586954769
3773893242
6820131605
5384192299
3190316379
6462567885
2275587396
5122788266
8764280698
4433593137
6931460463
8967296011
9670172991
6072101527
7669044377
3108772033
6380177204
1319467478
8016848110
1463563489
1242341207
9230440717
2059746606
4119551575
1180226658
5935829101
2801641513
4969365643
3892154927
5022477114
4487954979
4299163544
7961366019
9027264562
6037142576
6146165572
7426661675
6546286557
7143044132
1054833282
6226629287
4424871866
7852392102
1484862019
7993042065
8366999807
5809337498
9647462225
6572416729
7376782176
5746401770
2533613479
2868592957
1708774040
7760867246
9867507747
3195082405
4904165432
9689437126
2855528400
2618517092
7615865933
5923167324
1656371958
5649266857
1085667686
2824329787
8240335977
3952518367
1347278322
9026512998
5622221095
6881566733
7064924211
4427455573
6846781917
9353105362
6519897070
6522498273
3354461803
9232142593
4594475101
4859067239
7072088768
1275697497
6019297461
7388342774
6164242038
5285609999
8399341347
9507656216
5292201328
5673873485
9046190681
7821712000
1549546891
5187219921
5094298864
1036422250
1562558798
8653800337
8132479422
2812987403
3417332499
8539047987
3624472369
3368727018
4079508173
6096018842
5705771912
4298530175
5086285780
3059910400
8587478065
8188626354
1978586558
6663234802
3019559666
4603832910
2233806516
1327415323
1812188043
9127614542
3418977857
5299522211
9519509734
9881611275
1641667567
4744203793
4582355913
3593734609
3427500270
3429711839
8126684821
9096022137
9335642505
8448024528
6123045655
9326341808
9470751857
9257838640
2894571455
7070161700
3822518682
4031636479
1625097175
4472200269
6824272334
3492227785
8549879178
1449861112
8079952445
8601393758
1224431344
2266898583
1760914237
9367200245
7849353254
8186859419
2330487097
7273256388
1146074269
3328056577
9841105513
1081616018
3802049461
4882236175
1108731863
5864271371
9821288312
3248148011
3456931311
6051254749
4207135204
2517007259
3900020888
8339374702
8948294682
6621494664
2993698509
6882100143
2387426056
9093790449
3024907876
8863480707
3820494711
9591318049
7703941174
2822939763
3725809047
3929930892
2577389323
6649554628
9214708803
9375085218
4891522020
4359849022
1241794118
3761957887
3728381118
5104906363
6508220074
5772351643
2376329276
2360476928
7007978767
6671452328
2569532212
4323205967
4446789204
4930232706
1479815264
1163597920
8171145277
4968027863
1883419408
9582793816
1080387217
4888178438
1461636074
4213358408
8594427050
2902038553
5345105925
8194187548
5680158243
7614456160
7190241205
1019248076
3899488350
4159730377
8503618373
6629002017
7355858986
2070502558
8097255558
9855980707
3337563378
5520015425
6435124037
1879326121
6945214865
9913750779
1844319861
5318095276
1799421253
3495684905
4412973162
4236114128
8418769113
7346246774
7282234608
6746979692
9543965370
9333076891
1559847723
5213433750
2963946891
6630648637
8947207842
3275958597
3605869826
3348355795
9748308682
9614326987
5801320970
3708089384
8009764954
6929444699
9505368985
8430150653
2320496561
9143103689
8237437528
2313805249
9197644903
2095793797
3203152095
3908273462
3886167939
1466435230
6432639077
8965864231
7099611582
6903066987
7356504870
3291104778
6076493488
6200302682
7397657434
1752548528
7134181261
2413093520
8912082539
2578601260
6411022475
2628202451
2384141183
8684205237
4507238538
4461703420
8094294119
1724752336
3875491785
2397379319
4754298544
8187814360
2947055930
9992721031
1733679599
5704237834
8553798383
5443278573
5533472596
3104591345
1564834448
3569406836
5665897332
6240926656
9285910999
5480213447
3389862149
2799478365
8894541141
7342717972
1862872374
7752787330
9299794491
5024107416
2137642302
6570300324
8815023924
2780527638
8049557526
3971376028
5235338595
7812322521
3101695723
6046332574
9630639873
4929185365
6533191531
2766046192
8886695006
6267936260
7599733922
7032255852
8186523985
3541874607
9010543891
8635392262
3286437696
4607849130
1827869128
6261268367
1241858334
2894111492
4679601574
2304449701
1534020710
1057671321
4277131633
5062298828
2583605098
7069109646
9767955029
1447663146
7356053513
4249179053
5361696301
4073483685
3471274735
5685116814
7415549542
5715557627
8755512512
6043894519
2035934480
4836367258
1027403742
8332701830
9562001490
3071234320
1724717602
6549789572
5898707514
7614023150
2303767034
7102452305
2935809608
4260131374
5647825004
8033421867
1471525637
5498718235
1742364186
1641280491
4606594285
3746055844
7089149000
3852420846
6123396585
7430200882
4955106748
9991552401
2019653610
4805581590
7962024005
5127373356
5441850888
6974575822
8544209364
2726705643
3805712270
4719047412
7395486353
4814259401
8850614864
5973442192
2046895844
5473376723
5089857626
5396582590
8786697131
7607270431
5497504330
8156389189
4846285132
1304447375
1753189449
6262896650
6880408355
2142261248
6132644193
2107758904
7268056992
5606806721
3291802511
1667500270
7583303704
3706677469
7618551204
7281825666
3513310473
5415363482
5644464490
2438172225
4188484353
3207472664
5744264130
6639989438
1724578027
8558070200
4908851288
8374914119
1169224806
1345400984
3180049796
4772004058
1518131875
9149229972
8549005126
8938552504
4948364584
1905637742
8052436900
5662869403
9570477398
6263024755
8724828251
4617928934
9480399767
1542564029
8198363308
9978700711
8394690290
3373313294
1959279557
9268425355
2257885925
2336360851
3947964822
3521955449
8550914413
6272903360
2483528497
7314343699
1715415533
7209770447
7906882017
6229056405
1714218881
4508990486
8430491587
3885674993
7871305123
7743070779
9375146247
9157040670
8722140644
9924824544
6091927799
4057121600
8500805417
9210534590
4562193527
2163445584
6896310530
3476574351
4877884654
6671380155
5261298223
9333787121
6686126679
4327890563
2005164276
6133917525
1352275005
1629505495
2281880378
8605679829
9363115195
5411967076
8627331480
4018685796
4726108195
5303560359
4936896588
4661414729
6066158082
9384142952
8430762969
1283028594
1018951627
1027562772
2050606666
8135578425
1260252629
1545528483
5641452662
2414607385
4054715876
2945945478
5141717214
6066533697
7009460087
3304676488
3792704624
5630151808
3525029750
8541046349
7889385649
9315878003
4453473421
7611393951
1731883070
4095321485
6329663235
1473581496
4002325021
8202799049
6671678019
2622283926
3163286329
8576026553
3292858287
7061009305
5753000417
9854501737
8637515342
3929777206
4718780185
4953608348
7455099683
9749384370
5911901044
3596093795
4248695766
4257507177
4150236085
5189455063
5323515240
8773874381
8884523191
8586614302
8761856973
1597294106
5722673059
2569101556
2544279072
9159277028
4939840289
4334156071
1789422844
7309475773
2695266900
5332385226
4247268021
6821364534
7154281793
9537411684
1016738906
7123775871
1678008687
7722587747
5678974846
1104337708
6782968033
1249499064
7424279101
5619429499
7980289142
5384095777
2663999804
1762139639
5765786061
5119562659
3861032713
2193628254
7743356287
9257687718
6862068184
3570835131
6827297764
4925286054
8722495902
7719424958
4443302661
8534583224
1570765149
2690910289
4880707187
6288369802
6929978666
7989201883
1683568624
3476412658
8892208078
7826196383
2271064550
5707681290
3701161090
7579998423
9329082684
1099209823
7601220884
1598030702
4512054430
7164857174
3578203500
5489617420
5888474259
6122553764
4020052202
5100709349
7595172186
3303395244
5136326125
1408724931
3053770593
8415786399
8632245320
5177700013
4430079101
9618216155
8437578123
7681075805
2573889461
9814598071
4680661833
9318809000
2852960997
2253189622
5562542175
2233674734
2909599068
7519798944
8217202034
6528235498
6978094871
9362369543
4965378088
4494033301
8442656712
1291277304
3116231235
1238541271
5872149543
8670267776
3093594576
7391954063
8897173002
6799506284
5080638183
6112333267
2112883108
6938582726
8912971997
2237941319
5396335854
5674658684
8947215390
1200840406
8045794579
1506063716
9418594133
3954097039
4170810484
8695320081
7934235285
2839037351
3377361590
5799239964
6740034040
6863673693
5968751787
9233900584
2589736400
5956995490
4475547741
9550400761
5341802577
4955087482
2105336624
5341594500
3650026521
1481136936
7834070645
8663768273
1599621005
5029521078
7350677612
1036209451
1053563223
1188469256
3064953075
6798011593
2018292625
4216469296
5987946841
2144760897
9283914436
2507024758
4663465695
8852874746
9041477155
3452514357
5692484194
7964571142
7439543749
9535883121
7057529312
8553270954
1189885558
9585061034
8732997393
3889372195
8087035806
3090545632
7352662045
5227939334
2306581631
5401143219
4039148809
9962791414
3427126203
2657650961
8434348338
9485082498
6727329075
7439168562
4545828392
6371429157
7294318633
7546043660
4165066489
8227914890
5538224840
4873085388
7898938308
1669765479
5632692397
7318034476
8299596861
8157882126
9945604294
8630135133
4940819148
3084473547
5713001474
4095083432
7870626048
3165300091
7746787081
1473007082
8784450517
1547301342
8048145841
9909794785
1471703083
2839935447
2369575198
5703144631
4879563022
8903448867
2917563964
4246359622
5316010402
8486208624
6717128318
1310185578
4372296328
5567613160
7237112358
1079878572
9723574245
8860182962
4753918648
7044905771
4220441760
4750371286
7188800681
7290826746
3850551581
1541235556
7528504949
4179376138
7971679745
1153558334
6411326155
6099981128
1589221636
2939610353
9711771150
7967499936
6964709429
7697095370
6832405059
8619815396
2142932784
6064779425
1252899277
3234412559
7762308929
4702717235
1539401670
2038920965
9788397948
1479933766
1666116520
5543870203
2273846041
1366901477
7521770669
1864200170
4837771162
5316368923
6276373346
8104417490
2328773214
6247583441
7656515454
1150399539
4906051331
6140293703
6956505141
4070886985
7943036363
9789889854
9193527499
8538188459
5182860422
5461974196
5300628878
1617930605
5304092013
9813090799
5502681434
9545945063
9946058140
5047057897
4315471458
8958013354
4585093698
6926782050
2742041062
3577848406
2756717845
3335729118
4613855301
5463440976
8477210244
3020149738
1584643382
2541133548
8296741002
2376301851
8551179738
2555976787
8883433592
6188563251
6651395636
9165020063
9377637015
8943893918
1846980026
7704473500
6931368172
4392566568
9049918721
9961612730
8454953680
3355481826
5818152953
7773422235
3501220293
8540520269
3463974622
3116584143
5551609716
1225876468
4177067573
9376981867
5032625232
5435971805
6332301964
9838119493
1217036212
1224837486
6761435991
4040643651
2775233858
9671830125
7076639711
3808206761
4704124693
1087665928
6701964115
9426916922
1215549582
3535041242
6737159444
6140024685
5681653559
8701700267
8549255242
7921310823
5953100494
2323402663
7791482255
8049061034
1521876335
7727358638
9351824783
7838821574
7391729312
6050224177
1024230840
5989148360
3747217174
7641968930
8827562997
1255412587
6348351110
6447565854
3806727898
7926379243
3279438664
7763120509
7007837495
1906796389
5881144326
2505550256
4180675596
2431707748
4093691094
1941078004
2607259665
7147130183
4394221840
3160216237
9329320356
4260447532
2392470953
1159058671
7903002448
7695492838
8986481586
8683364434
6146652855
8152598429
2806746149
3531815692
4795361684
4201206766
6071240651
2024199411
3258308613
9504142453
7966216045
1413844342
8950651440
8799594042
8464334611
1126920724
4182733681
7298424686
2610971771
3783331849
3096335240
4167884407
2981669389
4678506824
8284327027
4130714693
3475300922
5169749630
9709615594
6036293169
1524308536
2254219421
6540545309
5604169169
6917191463
1222285442
9893732023
3931279629
5202726627
1785137017
7043379633
2164574549
5109652751
2232049022
1449033470
5502333409
5003750934
5675549728
8481761245
5177349176
9898609290
9254042044
6342282854
8010006395
2662391239
7589973113
5364493119
5180188587
6928784767
6880589035
3094564946
5849357069
2170558685
4121085875
4628835618
8198086294
5814515507
8111022745
6626627921
8116616724
3726950937
5990740395
9298586660
5666248681
4052422993
8670865438
9383647264
5519518887
1125786788
8494346942
4603143225
9589152777
2239698186
4036886391
7630679148
5081515673
5685790689
6146370946
6419394257
1922989838
6749547586
5370857203
6143696087
9748846260
5380929034
2544240177
3465247713
5290863821
1036499287
1433533448
2092339104
3573298774
5575477545
1143392517
4173776865
9521252884
7312357309
3374817402
1647399211
2186818215
4675091124
5558000289
1707171896
3755180335
2514353722
7601808875
6776907501
7204050186
2724869233
5560727190
4247375635
2678750554
2761181922
1734481841
6877963917
9467279495
7106274584
3806214353
5027247404
1701679386
2953177959
3422862237
2499869684
7020524678
7681161607
9238469770
4318495705
6940657250
6518011577
5519268664
6022636018
4947464010
8081031892
6909735036
7771975917
9187536815
9389041606
2185823170
1526270799
8119479305
7255727077
4101107394
9900284506
8534664808
1653553227
2711019811
3781084747
1016569655
8227381470
5359267626
8914726359
8352394125
4048049674
4875568096
2984031409
2147974686
7812268222
5274694653
4019474566
6528857285
9907023073
3500914882
6976009537
5217514558
5453678452
5230689532
7192048384
7722752789
9804254294
5097586664
7915887447
6118646156
9799743929
4421996756
5640960986
1100426343
6730376469
9587269781
6056808571
6290090862
1348059663
7028798511
8543414359
7929389475
2789227824
6897657381
4721416560
5082273125
3680198798
4811092341
3744895252
4759646696
6352482205
5591059056
5617524116
3460833436
4161309535
4773432090
1775940309
8324656548
7576458943
4691187059
3254031178
2080344794
4695265621
6683625921
2250730117
9794621723
7309375681
6191369436
3252146890
6190072862
3114418354
6702760458
4171943943
7180720338
4477157545
6207391930
5752746413
9112670875
1932210312
2800463167
7050918355
3681149118
8050673752
6651253535
6374514133
8667214230
7162542243
1748242088
6563956502
5090982011
2273156311
7539243513
5505957296
6904921890
5887450817
8165253375
6313384900
7907864015
8677191068
1448630279
3948762076
4140031276
5036197415
6652923175
2437132988
6438564004
7124145858
5068647393
9981427806
2668733067
3673445237
7939368806
3475913769
4015244804
2141454047
5130968156
7697499427
8147955187
6522848808
4867168755
8327746908
6122241870
9010765647
7670138705
4207353199
9732912456
6628903183
4906655012
1181115367
2899603793
3955994526
7386484888
9419454859
6008052924
1454276701
8388901949
2827822461
8867242417
5085432790
3062122801
3089041481
9808291225
3188212042
4584123078
8011031632
7907369017
1133398950
8978039094
8286863998
3536484294
9529389350
9531168528
7383585933
4282220397
5403853472
1081208845
9788517967
3120905618
3442203610
1069751421
4840513357
3942274199
8201105315
1311947495
1240229691
7252294290
6317749613
4497823154
1718587932
4949601435
9477536617
7082069592
4978949221
2575955254
3925484376
6499998403
7444004475
8852894796
7893039237
7039898571
6248410591
8318179136
2537775940
5540665293
5728204903
4285689846
6216156902
8834379513
8676705608
4025225455
4083576300
3719552641
9466101097
9803653002
8912268941
3257102688
3904774128
7433240624
3448232725
9555784665
9384675501
5798897171
8221711311
9257842171
6268637689
9050273478
2462584851
7050415009
5569705384
2063050440
3393557044
8838053909
1016501214
4830139609
8464046350
4436886464
5340125025
8116873131
2802641435
5514386618
2479476234
9026066743
2826306942
7359034006
5857086132
5195191858
6134388998
8792028038
1445126598
4872158482
7061062987
8182592554
9805164739
2350760960
4146847244
2467911762
8784469090
7221470932
3609736867
8053896892
1644689765
6869308745
2933870992
8033265427
2863445166
5258859208
4197313925
4812887138
9114004039
8730144688
2340714122
6175347882
4510453338
4513741898
9612164083
7951156536
9151425726
1151346453
6402780576
8451208504
8586111502
1477882145
8303732384
1068564488
7595906354
3755985035
8526018548
3583480794
7935787300
9198516324
5789927010
9069853890
4576867575
8249141482
6529018344
9037909803
8579745919
5218402311
3948068539
6355357519
7174021606
7726445510
2687220419
4725036955
6344960317
9706238497
5518319626
8139042744
5737851036
6268618292
2884044107
1144835456
6683925076
3563471896
4888343388
5449233986
4530246616
2357092834
5069113186
9896338956
5040964560
9746567715
4719044059
3003320926
5078068036
1755373488
4826757965
5441513894
8035828374
6165607598
2514511241
9976698306
2555516523
7494488560
7110852250
6641152518
8112902606
3229496343
9180715296
3830342749
2511762945
1982236518
9679788144
1419508392
6179157334
5570069063
2460740509
8577551500
5123246949
1332491687
4223320578
2733260171
1087872791
8980537489
9753489525
2014633239
9607153112
8905684495
6954745872
9887392501
6886677750
1532149278
1541339814
3013907740
1574088453
3468438990
5190957199
1768553545
4136480368
1041114856
2472995743
6751574106
1620759129
9329718001
9381469489
6691442797
1424247626
6903257321
1201871678
5776412858
1664728575
4470836072
3567125784
2053619513
1727867473
3133403990
8412385389
5132255604
3809740000
4812368582
4098730428
7637299108
4938319562
5688549743
6098570942
4763341320
5759003822
7672069455
2739686166
3547776993
2229774813
6313123549
5564419685
4277789568
1971774621
5734306261
3954653131
6130782410
2166832304
5185943947
7991066461
9978811426
6714945183
3178843755
7878262399
1413380140
2476956225
7977994699
6505208432
4090195585
8992566274
2982722156
9607833316
7686136016
1613466966
5245155593
1394892143
4316516547
3480820827
8682626153
8566080857
3831828290
8421395129
5728995358
1095664904
2559026746
3100742603
3832234775
1653091822
7538221777
6281047748
5158143185
5621138347
2687262096
7038319081
2086829003
1358295880
8452782330
2042186301
7163562810
8713474751
7365975700
1357147643
3207940242
3893057381
2616364103
7502586531
7172796547
5644163204
1930111627
8391435200
4940653631
2422754970
4988311938
9576708653
2920188286
5619226222
3518770920
6697210699
5766902595
9819392367
7715831131
4746204912
1958926808
6481140910
3473228933
6859021234
3709323171
8776849530
3892336616
5411187329
7294879028
4121113358
5721130737
1735964832
9692723450
2649951833
3378045382
7305365272
7928790733
3704500936
3279413100
4997668246
8873534640
4837781320
6129201640
6788890336
5449652602
2116715676
8444730249
7126031910
1742476496
6187150663
9487354678
3910234514
5206101409
7979406140
5991149855
6060074004
8741784150
3986915858
6595246359
7785705100
5939837366
1639960993
9521455814
3283140451
1075092469
3503610988
3708961898
7355573224
4054817727
5956341790
3783968504
9288476772
1674629770
7246530067
7379582635
9590060407
5834924371
6977511624
9992741240
6232479692
4325552706
7999426410
1829410173
2531637132
8088828923
1459082622
9982193634
7501595044
4901940517
5625230891
1964195955
9492712566
2627036859
2001717177
9560031824
8661204008
6392346520
3850995052
4553802150
5429753783
6383126827
4226000370
7195608751
9091304524
7067480036
5561133666
3720326201
8887907136
2101456501
8435822390
8238183600
5746543646
2715742619
6307029296
6458779674
5526480789
5952477707
5907229673
2022777335
4945588194
7624950907
3840620136
4585901173
2956603876
5720725907
5507029819
2821018522
3125573661
5144803140
2135101072
9684227114
5269974312
2321883563
4350536944
3904433975
3863691395
3317432457
8999444461
3883815830
1449644411
6316149836
8031245617
7757562257
9888774883
4951313594
5874134421
2934299840
9166179437
5989304412
9557968309
9799886286
7150578607
7763500330
2420402813
6692188304
4456526501
7298717888
1381742782
8207909163
5671234957
9881083914
1802589131
8324881632
9888467417
5236379157
5417740085
9455411885
4785877353
9374870207
8679005464
3852339132
2852946560
5221229074
9715490038
2195652891
6862215236
9350852166
1041704759
9456831164
2440315572
2278299228
2658647883
6972014912
5180221524
5985712698
5733123300
3031311822
6452159805
8922216351
2995786569
3416559935
2566107727
6636121943
7346475068
7573643079
4697310454
8586751927
9471999481
2672915749
7954279003
4537219245
9226452224
5421625973
4311811962
7797218558
9585814709
1879267602
1783470870
2820017259
9249449401
6113119072
3076105016
2580506781
7376199670
5645575971
4640828151
6768366147
8359425735
1942445081
1666997034
9005128755
6460903870
7401264508
7613580113
1629223515
8444634427
2805627909
2664658211
4406378700
2353298463
5807732362
3936221589
6184812819
2547453598
8573705649
6455149795
7127922856
1622234025
1450191856
2462244616
6611908238
5973396194
6992205993
1300403167
1618511364
9762910601
8601332332
6550183357
6415099645
1489458049
6694746059
8467230730
4546802991
1625617216
2589353728
6982216347
3479958245
3675119728
8933371554
6812402428
6640113367
6082729698
6594466056
3447822765
8984706751
5129222129
8993604093
1282459053
4629031002
7420856489
1954063791
2488957727
9770644500
8112094738
2276679001
2874584610
6178619284
8325681528
4314855145
1927168407
1983145106
2179291260
7305742035
9916339996
9988964642
7893029520
1727711723
1762661854
6013882904
9650788761
5992236999
4688397634
3777016623
3094511598
7567418906
1114559325
2231261497
4496765161
5233884951
7639793101
2625590601
6286550724
7370952628
8077731777
1068187134
1797960591
7208665075
3735445069
4569073492
4969193028
7471346076
6135869582
1280092032
6759280495
4579494867
9549704340
1881511670
2563736993
3777118186
8249081841
5868190432
6278613206
9793136912
1867612554
2793121863
2022413766
2795168617
2987895394
6200560888
4466761247
1151884297
7319425091
8332912763
5508859269
6935716602
1642897227
2913107479
3952808110
6257066058
1865972553
7419673289
3906842664
4778845075
1189070173
7111921435
8807640315
6642915004
8838808100
8867589917
9351133371
7675979882
9052275658
2422730552
2238067105
6193481847
6482176135
9246076442
8789578774
3080265411
5772136361
4386615046
9087528358
6895276175
4293635968
1400977021
3276049743
1334700106
4075596829
2937527336
5181989529
1213775574
2393712470
8485836871
8929542053
1116000358
5275666319
7979489166
7809066553
9122738697
8646773872
6499481224
4123788292
7074224674
3421976947
4387332810
2037789196
9099836534
6370218602
5421111209
9116605704
9165472230
8093970878
8218261451
2315055310
9092989800
9521477993
1497159616
5607116100
5659066574
5360355172
9034316286
1209393494
1292605352
1023498227
3868983904
7374176701
5768567538
4492044387
6524243127
6656588213
7061193693
8989049229
2768477030
8815956511
7498425393
5381523576
2716104801
9462451207
3063127273
5566366696
4674823471
5777760958
8351917295
3246703992
7599333423
1483436491
3917682967
5233234740
2851981850
2845477105
5159648371
7603675431
1737689821
4533698988
9900744908
2056246704
5733831693
3698034422
9418875575
3355454861
3409038471
7055223441
9182185043
4385255763
4865659818
6069007678
5461212235
8880698959
7099324083
8817636196
1092402925
3731695229
6943754738
4301734448
8965384486
5972489555
1530824655
4513396216
9275720993
2938372932
1390921926
7633957137
9787242312
8595155941
8509826074
4928053934
1461382416
8827529283
8336087591
7607386755
6889228260
9248311533
9733680972
8235876560
7118618111
8247046967
1417437818
4372045624
4934672139
3685662236
7089943564
2903339549
2263873806
3485652061
7269813236
9767841943
4633192712
3268199363
4099058105
7134300554
3571921051
7148226466
2672226047
5177999214
7888895764
1947721686
1458237869
6879538855
5314852233
8245539151
7828033815
4485553654
5753888171
3645499481
9340925248
4199906965
5884933882
7753209031
3348973545
7269069982
4887804239
9265566582
6212357283
9116700764
3545347640
6154192498
2851323156
6519767772
5501950204
2053960664
3249766964
8598556344
7152107374
6222997020
6321852940
6667878970
6472330722
2619025280
1865572862
8145437537
1854816136
7904962043
6631046437
9239619243
4996326281
8501456173
6674377549
4625901998
9790195090
9662217538
4614311143
6117145648
9865849107
7045064121
8148345021
6441590987
4765883218
7134612459
4279420222
6748661815
4104272515
6715924211
2830183003
4592048532
1013202464
8243390010
5068550751
9930570910
9273691376
7960764733
8516941252
5112627527
8376573389
6082264458
7644235559
3202928466
8074634876
5506150320
7951670124
6519466957
6536326957
9249022804
5014596504
6847720071
5515373908
8132182539
1168749152
3153262717
8306488994
9290860148
3563615903
2029209955
5693420963
2993150947
3470703288
1567077542
4280822249
9756540578
9907514830
4695682946
6518192900
2579233286
8645562479
2522992012
4706649745
2323874786
2935031469
3553787648
3304456323
8720115164
9704756928
6300868947
3036421055
7686679874
7017805008
1762617178
6438525939
8152070097
5373508153
6741778021
1105674084
5659203280
6624311392
4835188873
1512022537
5512864490
5631859157
5617622488
6714366535
3262572898
2635901146
4190527289
3656675664
5339228955
8479415673
5164540663
9357220455
5139865540
2386822773
5238669456
1076617736
3220679095
9150736936
7330490543
3119506088
6603357914
9228274170
1443046604
3327051733
8392372006
6219466477
1676451508
5229951085
9495119284
3695845734
3364121397
7427865361
6668318779
8432478819
2734388616
6396409317
1647579250
7916093175
6295753688
4901224612
3490761974
1670097570
5493226231
1631310153
5037966424
3095936259
2532746349
3039907163
8067942013
7886329490
9687635620
7013496059
3392726792
6140500101
1015429853
2916482734
9896348431
7752611881
7676042971
7879995282
4762012336
1691517613
9467364939
8212374935
2369688146
1091290841
8448929013
9107314695
2303294290
8973711694
5812867032
9065534458
1206205874
5544820900
5814328389
2315100876
5567647178
5277669518
5087724613
8755893485
8366630766
7156424652
7790347307
4815664248
9359488085
7061696009
7505858656
5563643930
2910801858
1020333271
4329693215
4984610456
8375999780
9325999633
7923093139
7552561236
3941967124
9255799401
2166218171
4397377484
9821110180
2478996502
5065035779
1952939679
8758843431
6090742171
7166518513
2591925859
9632722725
6154045686
8925294384
8493976997
7904192764
6189796040
5787085093
9266956549
8071728337
5032965003
4157033616
5913154035
8169973512
2630288261
5083870962
6407926674
5581434692
4744463379
5036032255
4505579146
5362192805
8495507559
1178911700
2608055914
9346950439
7955428118
8592831552
8516382481
9991453087
8802045170
9874463402
2800697840
9181882511
9944101190
1928908417
1009606696
4893955730
8291938418
1160355143
1647740366
3578598459
1248073693
9089741590
3624506131
5448792753
5361057997
6847941451
3031239174
7245775689
5694496969
3783362947
6301557972
9992953572
5150941822
5360227196
4192018969
1071816602
2481627671
4439408953
4470381188
6885716120
2522809729
4705772054
4853120162
8917453200
9589420527
5865920750
8030801576
9537200482
1127521072
9533327437
6454374460
9720796089
3069505467
5842751971
4010953439
4325711868
3985600549
4965467004
1735115622
6520795886
9762266795
2965334959
5751293308
7332285228
6241518845
6965658211
6471061893
8895578491
5230189581
5059134065
1915030500
5176648964
8559187056
3154120365
2720151693
5434157221
2224343944
5452958878
1270545790
8691000775
5173346919
3026405246
3249251476
4994220071
3635082139
3496222297
4662223529
3183676055
2300177246
6257576979
5682173779
4966906966
3081027249
1747874776
5483172457
5671242452
2751285000
5345350721
5736222992
3810824033
3748777749
6428844255
7314778708
9911371537
6293381744
2759122798
2609968830
1505728817
4336416604
2034458845
5952742157
4066560196
9094600314
7248489889
8878255387
4908070500
5846479439
1710336562
5510794116
1332297503
8958084607
8642231233
1907806758
4659137492
8533644824
8555469739
2910692282
9290198067
1180438254
9513352549
4353868395
2626944388
7095465083
4396627323
5633852137
7697189089
1561700471
1668893237
3458153288
2467177539
5897972825
6641267213
4379225896
8773340107
6332370370
8764799448
7305354810
8164439461
6798838607
8135054045
8009812025
9292025279
4861617810
5612021640
5428718537
4805850450
2953041912
5970193145
2254356519
5642220206
4528840529
8357160140
6008731413
8821481517
3295121442
7732611297
7603905415
9001503451
3634695793
6486613017
9063272650
2060576786
4869101301
6464970980
5511830023
7178847758
1172078751
2150872771
4238270635
5692838532
4745271105
2434962827
9627110397
4681587917
7688182232
3727836221
7670108428
1854737544
3917057727
6218099303
1266812904
2838649382
9604181520
8566181056
5581149540
6609865561
4933107791
5747517614
7961953345
3095099565
5605362548
4503888690
4964105485
9279723920
4014688862
3526570541
1006948140
8707735896
1342045541
1126488785
3691111209
4558340428
8439800279
1706873092
1448870030
4140972731
9472767605
3105706723
5563825667
4615227763
9560641052
6515680793
3570477375
4889115431
7433275074
6115400095
2561743597
2532575464
2712193141
9577287647
1227458686
1027187204
9775070082
4469534954
6774292918
4403797239
7344082676
3107127218
3961662112
4889608225
9028047138
4063397665
2021714182
4353618570
8371507313
4975476150
8248201657
1623017275
2102055655
5323338146
2444078033
8058614915
1028859696
9505511418
8942717253
1072769743
2086397658
5361634773
3848280124
8976088377
9738061160
7214618970
7679280475
6592427165
4300520405
4891054416
4993813049
5070676978
5993652676
8865941354
2966957966
4338547793
6482051334
5762533402
7348126105
4243700108
4748338609
5406803448
3461389906
2331053976
8234225898
1796271064
6574283675
4739078408
3364194200
6066620130
8536915697
6612678206
9113287928
6076401687
5238346959
9918067075
9847313129
4921685982
4934892640
4471067866
7822353827
3591938262
9707976078
7098973455
2767009705
1410212921
7921112048
7624618558
8889656913
5817641712
6780490227
7184325909
5741257386
3598537806
5980407765
2263135288
2892622531
1808113898
5028152447
4392011692
3347280384
9494800467
4953165591
6549530471
4849134163
1081196570
6147643236
1863186453
9204302491
2658673418
9496660894
4662632413
2659434962
8089798602
8782318397
4621238095
1632313844
1563543571
5015822223
4266008283
4427587590
6633238337
3208332687
9689165623
7189931106
3238160217
4383699087
1698405746
8844138908
6569668520
7675589377
5964991120
9521797649
7797971143
8451755660
8984813673
6739131641
5223916150
8754979821
3013761752
5066905423
1340206537
9624965868
6078331620
6685261650
2893958498
6053830131
6092522949
8896871776
1392756307
1860135967
9702064877
5244800977
7686190532
9382085372
2014288203
8736646326
1591416621
7114214639
1535402844
3016000779
9349870617
9008115085
8573582594
8118262491
8152774340
4148473490
9911402065
3131909490
2003213269
8529832426
7449706506
8018611775
2715956779
9776882614
9445973337
9526532478
4345401375
5009739146
4439126414
9204422694
2816749137
7387102522
4972796520
2631813672
2569158149
9407534668
5798590210
1859070145
6609288657
3797524549
1153486815
3351135187
8045344604
1802962527
4464540965
9786217521
7194082301
8683466093
8904417691
9116448423
3323945405
1215851214
9751061424
3217935778
5300074974
2860501673
3176612227
6909912666
8022618254
6587668012
6886533814
2466627111
8194959081
5145415798
2140324799
7679570500
1097734398
2206722490
4347224350
6036448763
3942462777
4186793158
3347625071
6398645473
3967829717
3931786879
7310673807
3936720955
2476358144
2070412026
2836906535
6475111606
9788139227
4704561146
1776913062
6122792654
4819029320
6654796367
9168769877
6145000673
4506741495
9132096404
9025688331
6056189398
1651535004
9372118683
5322059901
1440364058
8027162020
7737770232
2969671321
3297374079
5034519855
3125658810
6152111379
9234854870
6826696952
2182630155
9066880411
8758598844
3425605845
4786325179
9364219312
4995376128
3946646357
9338620021
7245357350
2304428820
6103006459
3551254446
3651562901
7097218348
8487220553
6749793223
2341411675
1996596390
4496438227
8533016515
8354693626
3903325674
8465780703
4080496026
8696245909
4184104681
5082041007
9572820785
5892533080
8345097417
2275961372
3504366186
2022868307
8763117546
5035698612
1978950796
7559152564
4384825516
5711229008
9723983349
4806928136
7211393943
3206974081
5126514493
9949437088
4924731874
4042885479
1653109441
4466336062
8950821610
8515850449
2506433099
6904768696
1934671055
1746726635
5795570132
3883725248
2242103624
2132835849
3567328836
5580007818
1436363710
4192022138
7366891147
9695554605
2544135201
5153905845
7403458097
2693025719
4324340434
3447276383
5838494659
8497588818
7409536299
6587249339
1834976862
4966928208
2770207725
7610042652
9501868827
6403615061
4569680469
6781956151
4615266577
1553542678
2129668437
8114192914
6981243591
9306738950
3752844332
3210645259
7492340385
3036180310
6178630485
6309834969
4556663473
7847317688
3343606708
8407609038
4596216872
5423635841
4436865136
9115022217
3317376435
5448720875
7232469016
9080361993
2813641965
7377923060
8997639092
7690186904
8442393231
1146088121
1501519567
1292912198
7762101965
5185360760
6971703074
6724086380
5519906024
4310391666
5800332019
4753165600
2963046520
8552484824
4530858407
6632590346
8815175173
7729590743
8187530179
2187687463
4835272999
8585798448
4051607281
8778284979
1957178495
6903548806
6372723773
7981736866
2932617993
9160915148
6873739694
6560029845
6478515662
3046583727
6202317427
5222312059
2058428372
7222569048
6843935716
6640349482
2590491883
1556775137
8310450928
8346736544
7354600176
2100900971
5886597142
3639231104
7275546631
3750846182
4384254282
4401717149
3122342925
2374562317
2843677986
7868445895
7475690571
2501448920
7083178111
8790531126
1311667866
4089580880
7555997816
6222716938
1201967585
3552534976
5658790162
3915611019
1867668781
8755229415
6265167141
3492956521
2334252295
5847085776
1841782371
7135027273
3618553022
9824687031
3344041616
2169279547
7966694145
6679771213
7838170868
5249494251
3850467807
8281596570
1730610088
6430105750
3401145169
9735936625
5531376436
7008019596
6759183661
3244059642
2161030904
5545711962
3556742926
1287735207
8798847485
8956272462
1895850673
5681032072
7891202814
1719811807
4501765327
9111889078
4499501022
4929703670
7703630191
6406505286
3380711615
2211132848
4710280245
2538511453
1650629172
8508975002
7055554228
8372313735
9603979137
7762799880
5426632879
1379511568
4291022121
1207755923
8722851755
7904040805
5634484474
4986259377
6441734785
8430982837
9362808939
1321253316
2145142303
4942895317
3630150591
2271092627
5393826321
7884592227
3535539574
5933095033
9511770434
9141136599
3444965380
8029177520
3375189882
4027502360
4015944346
7035158710
8680167503
1973389406
4892497315
5131361682
4454869030
9425003321
2105514986
1256056544
1706859765
6958132062
7858327101
6484660569
6111194958
3396794206
3027405974
8476369119
3391439943
5598656217
8868481098
9174006715
9128737597
7192383967
5960316228
5038200289
8445072016
2541484308
8735687805
4662453016
5904164115
5898573298
7414945232
1814637816
5739013102
1223158286
3962278260
3967575837
9183227279
7655989842
9785677419
7068855145
8945585783
1433063617
3738250204
8497367436
6603543415
5703469954
8597773208
4996663318
6283163539
6987573101
3698358860
6147153832
1836963584
2088182265
4928711177
2069291120
8436548626
1364034575
6931513557
4916624197
9718836354
5358613691
2921535066
7253678978
5255087537
3606742914
5308174157
7398468166
5600323825
2017597482
9285603712
2443794696
3176617214
6689442427
2568280180
8000341341
8042302672
5999586987
9662333409
7751947989
2130328621
5058326963
8959539919
1096848961
4153310943
7181083999
4122673742
7556275473
5999391179
7586593317
1180474315
3363451291
5506396723
7487925368
2365043614
8507532490
8358417227
5927646215
6208277055
7947740905
9804972943
7782452466
5951688784
8936347878
2026479090
2602408276
1821632100
6040701938
5644483081
1439871665
5811151216
4110560248
4683457332
5255384919
5852724350
2207238330
9753410763
3852905412
6367587808
5701217501
6748903043
5057802124
6482910325
7466335298
7059216028
5471988931
8926807081
9398497422
5114842147
8235660939
8147383468
1816771125
2691499345
2422129981
5006787885
9652928558
4602864134
6380996039
4317899939
2455542176
1445985344
9096501406
1981704610
4877471516
7134737511
6149068001
2790775341
1452532725
2670821698
5223992695
5505766277
4211130038
9131531480
4318438285
8145484079
4757913874
6694507097
7549882678
3853223976
7482556457
7460921683
3326885775
6119573611
4318998735
9626090855
1286680687
6282240075
9914637203
2791261846
4850497899
4267744080
6194022667
4448394755
7406191402
6055734625
3717081444
8365456800
8667728303
6574654355
4962414524
6683684869
2212844878
8807567454
2457932172
9577883064
3351203514
7325381509
9552896609
5709192447
1565102573
4657645691
5307251866
3917294568
3295479715
9833809152
2210652721
6430680350
8680751263
5825022597
3547382202
8616381348
3760076452
1910189771
2212460408
8505432808
4478283364
6111400075
5871273808
7974052714
7758833384
3852767211
7611717250
1861271296
2282495502
3544247068
1635682486
8455115001
9343895963
2175365151
4801257102
4027811552
9824577673
4747201011
8526329019
3614803063
3349461336
7001965652
3011981505
2998653032
6917459109
2657669722
2022560573
2801118568
9729518728
5674053620
6396918091
7732450490
8249809983
3275699775
4164930858
9010706412
6369628865
1025500408
8131723116
8485771369
3911402422
1571452118
1956805146
6081680176
1994427974
7456341568
8813315324
1424756479
5142262053
1852280176
2704812135
6096232225
9922036967
6619587806
1671437413
6965100789
7551818968
4221025527
6301922941
5993037102
5367658549
2154186870
5006323789
4881398487
7229438691
3834010771
9023208084
9939501402
6369284599
8892384452
9971129914
2217823948
3541562658
2634571611
3249522047
6747379768
5495838898
1558050110
6838842708
1935067973
5453967321
6721643313
8981423509
4052331485
4576213043
7028653117
9603496577
1357024357
4306097707
3472355988
4608080747
8185225515
1937743572
5497489799
7462396992
3936785292
2100983820
4443853695
7037252563
4337381817
9804688894
2184534882
5662856031
4635177563
5007852717
1160072606
5099005099
6841549521
9815441564
9366276438
8265148630
6872026010
2651192148
2242484604
9436034237
3490263490
9715628631
1209055624
2936305476
3197979176
4437585878
4339781343
2305011302
4026292012
2144890060
4911577969
7580911739
7262702017
6664383190
7529706678
4290383530
8872943657
2743231066
7211634006
8488199162
8748358389
6866606923
5608826903
3245272784
6726022916
1136302200
1947310860
2988329308
2881190113
3810326485
4620832190
2904200913
7796041067
4545616848
6350284107
4384713050
4195819177
7492753825
6159136273
6812539707
9040311615
8449385359
1659716479
5902967439
9360046944
1928625092
9442218856
4813041691
9810072120
2486379252
9229975708
1193396759
8361260410
2757941015
9282001581
9741827968
3514688946
6461077914
9426275809
1856516881
4562439837
5374308237
7243365797
9684204499
8429437195
3431006168
4428766582
1413695112
4964790665
9751130512
1032079056
5486974069
9845494473
2029548879
3536355304
1350646948
5214560894
5612156496
6694671636
8617305059
4181506499
7582605489
1324355380
8775932271
9464183436
3854374722
7829355374
5806382041
5576074988
2194475711
3702393117
6794040235
9574020422
8666150156
9042813673
8186408822
2049938447
2599545935
5487170319
6353055324
1158715173
4369003674
5264129664
1409002011
1206052871
9136720707
8179422469
2816673751
9808289395
4546521095
1897909010
5233881873
4503483736
7321670882
5135734905
3136335575
7594402782
2427165708
4269412851
7828742635
8390999865
3678498412
9764271483
3643644336
4853499579
3782678702
9260273035
8038457652
9630940146
4616364122
6335088867
9397633126
2612999498
8781720903
6127215599
3121753068
1623731914
4741988721
5183244071
2413838901
9429062847
6109416631
4957368974
4653233974
4072910158
5821981758
7362559433
3177539416
8426969239
6197729436
9495453135
8126343028
1285706445
6315364779
6541922324
3629030087
5152199782
8476185448
9805985158
1469099700
2831363473
9479409802
4842646763
9733653236
4121781985
2605557917
6287883666
9808989896
5264052021
3543897591
9677264961
2668543442
7625228799
8900285865
9254369563
7030364893
3690549437
4093386943
6421638020
9637326092
6484463024
2758387857
1967144969
3332019367
9066275291
7137542431
1012999091
9556085339
1827313724
1815391768
2968958472
4185980643
5530628437
6893575699
7029731134
5706429347
1848300597
9597753814
3113214066
9972010319
1184025120
9009023759
8923974532
9470860640
6758425985
7028768301
7492793181
2282129254
4536240936
7045540469
3579272463
4139583316
2414582531
2090845511
6880105691
7810579353
3389516778
8754662694
5626139946
9351206135
6116332070
8620605873
4658181658
6482121403
4605184598
9719695931
8621525959
1508909325
3393943797
9448767495
8846738011
6111220235
8221146564
9133306679
1018340886
5985807168
5288301205
1362845540
6628615025
7592900378
9028016895
5267292157
1673567326
5704922987
4868029920
7165391654
9604261772
3965305998
3656321510
8741445540
3730707419
7421569037
8440500114
5277492110
9466229004
1367671288
4836954318
7440589923
4285671774
6236557222
6672056217
3777069154
6413028289
9952679230
8365672857
5759571993
7228847798
4295996439
8055003401
3036558590
9532976837
6154210273
5828679655
4725015270
6884561853
8136979675
3490025077
3077010848
5309255140
1602633994
4689289696
3554025351
6818426439
3764077149
1440385879
8906792992
5265730324
6450143610
7105401041
7775604041
3690173521
3849341445
6673251584
3104914517
5908451035
7095817865
6851227500
8302214917
6601410824
1125620067
5824702422
2086173395
6747966362
5629908810
3358449138
1798271749
8030878198
7653642923
4211711407
7097722907
1019198591
6122598350
9866538409
7053543941
5577211824
9094397110
3428452729
8032235943
5849242005
3822726044
9131837105
4231342993
3527951924
4507266160
1743277730
1677230111
4882628512
9516282636
9522597438
7280198581
2003377870
1131625265
2241756534
3683598941
1554629507
4114972524
7917026939
8554486152
9677579883
3469875574
8512083536
7531012750
6785977612
9413484057
4187062111
6591827528
7859134372
4251129388
5071949700
3783917700
7277574059
1129918365
5554337653
2884128737
7511341811
7268703852
6064298740
4476575521
2907420284
2627248374
2400386654
3225036839
2628883068
4925644351
1698718961
4456687858
3535112809
8823778998
8774356215
2984431003
6517745753
5714982470
8670775221
6215832395
2400298247
7086357796
6147490485
9526190405
8838253837
7307053572
3633985971
5087584963
1523369376
9026426937
8217317012
4702040473
9920868850
1233224801
3379616399
5426040620
4888540116
2560630414
7450524321
1453868551
5839544290
4754696724
2903776934
1597009011
6521518811
6901653210
3671356991
5177253449
9136637990
5362872922
7627121818
1005331380
7206240862
3319790909
9611118145
9662655305
9343454462
2788653203
8860827051
6684516762
2711990950
9276071861
8569534003
8146248042
8616543532
8386232161
8403722127
6264676810
4710189681
1111259826
5993156227
8399761122
3614782074
6208956204
8070617587
5949220415
9796612194
3298404789
5716008243
4588178550
4508376667
3829800216
3156783112
3618774588
2282921676
6420762284
9722959839
2206328707
3671846338
2434320551
1769258375
7127585378
9490558074
9873897681
3995859394
5816494949
2725935923
5810704617
1855188847
1178202330
6674501436
2414636639
7055017630
5196343838
3271097760
4262654718
8299667149
6829464077
2121649227
1040691337
1127038500
2939730969
7815616761
9733174536
3089507572
3230945984
7202383391
8327708847
4779229204
4159416340
7710429237
7090263355
2833398343
6659308831
1426628095
4366574712
7630979816
9653348802
1887796801
7990379770
9683878449
5446474589
2549714870
3373939439
1788507616
4532700739
5789800453
8316712432
6855309095
5701542817
3774497974
9562123876
5597000719
8112102039
8727081868
9074269007
7225213513
5157332855
1993147686
5318615581
6683088930
2511075040
2745503137
1677225497
3402386271
2743613894
3619443529
9372422031
5241448055
5696014579
9334211406
4232757789
9870873328
4710247648
4334537668
2636169051
9500618940
8069515987
9355988216
4332154252
2495630169
1328724058
4756484507
6882692232
6459996019
6190163327
2448097357
4590336357
5153426261
9546515303
4410436534
2531264776
1682665705
7905948551
7532699234
5817514680
5981550919
2648390785
8917709353
8818941732
1497963658
7521915951
7209534092
9793256982
3244206183
3396897031
4810307965
1624010426
6197398915
1273653878
6880061996
9901109229
7972707075
3682497784
5243576112
1362754531
8092215911
5609287631
7271244075
7394145110
4672088991
7664559376
7852413326
6403148761
7850044797
8432895263
9231669919
5496917166
2245855651
9667416495
6668852603
2375365734
3297257758
5351283302
8687052119
4047336513
2737573083
9764670157
3457844885
8438390961
7232438152
3161394613
2113018500
3956875669
2930950733
9482458660
9310797364
4357343285
9870427619
3246804010
1533039595
5018669788
1851943489
5567054567
3564736335
3033923934
5750283651
7425048288
3407840193
2551273913
2091622645
6300816471
6018378316
5447887029
7092101459
9803758136
3103953706
1686560834
4798373879
9436164382
2605322896
4870335224
4866291379
6470542614
3260335755
4042595362
7568602970
5059659848
6687906365
1588093002
1001310035
7991004938
7213900789
3694445593
8445198946
2106852936
5839020672
9205313532
6678390076
3050684286
8230449356
5904014185
2010549161
7036448622
6344697579
5567091749
7092805386
2320693818
4888357303
5406967957
6529622816
1370248723
6778526133
1550307941
7970722141
7195820533
3177025006
8281400702
1158216057
9555274054
4345119188
8103597659
1867007257
9995166748
9778335587
5345639684
7324050822
9147310176
8321550957
5457278566
3146948343
7614684175
4319377697
4354202671
5561183786
9955333750
2006343311
3591734559
8822283357
6635461240
4680288946
8776693407
9292771834
7044948960
1968624516
9874383344
2514669114
1742087063
9385935390
3227547587
8787689906
3570977781
2591143221
8926984086
9444655033
8830291139
6944368914
4703466497
4330991212
3363148833
2763789697
5272126879
2657224454
4587588091
9630263895
8892028217
3910578479
7636256444
6498614054
2921550096
9795530330
2994341893
9161582658
9623219927
8206057204
3431582533
5511468841
6182830181
3014333648
2961712083
7405920898
1370170192
6928211730
1272435930
4931209906
9800879664
5132475108
4153251225
3015612455
1068355859
6557600556
2951378356
7196609070
2516683655
8597205766
1055318324
2377420339
9272163671
1317576901
3765442252
7623912760
7351981637
6679731823
5643076303
4376672561
4205253318
5614795349
1523147808
6126217055
7539064618
4132389039
8592631551
8490496594
7504159172
2269589198
5231936380
2759849782
4420376727
1868679969
3173988046
5091738060
7369853566
5262456994
1209018851
7965540402
1020222751
7027237222
7247165532
9747729535
4055991381
1733839164
2155161186
9179424405
4431390889
2411797173
4885579121
7055432120
6165433491
4612469549
9087750290
9312991946
6338779533
7757175905
9042999899
1834273517
6992476234
4194153131
3784301669
7139196915
1458996426
3884374302
9149783891
3944168522
3704327008
9416249284
1694597386
4414173245
7986499032
1679780251
6683426868
2031744050
5949092947
4813818690
1271935320
7944605108
7841839171
7410838564
2650668805
4791661168
1124002868
5585237856
3625812944
9076684650
9184116436
6759933697
9441784216
5854038108
1695098048
7578661043
4027909801
2542793512
1918225374
3138954896
1356628949
6840950503
7133652101
6471302002
9169217102
9627393955
7593564848
2736396087
9830959267
9376243810
9936166165
9841159786
9359971403
6510987813
4214896740
5272780036
2592205144
1792716686
3757881386
6789815564
6216144321
9612218638
8911495699
4383735187
4502471026
1659068239
1846172007
4453072463
9873302166
9808453738
6348274716
2690784268
7345805808
3687175778
7918859659
3380487031
1885550831
4110663411
6162059175
3246901488
6456883105
8520158648
8551776146
3306409385
7083835644
8260401910
1785536994
8629992187
5552637379
4223660432
1380582484
7044989583
7991574941
4217093575
9529794757
5770123593
1934075999
8312854496
9918059621
3053908249
8674891334
6684904340
6948960094
5452337014
8314725298
4154310328
4373352986
2248070075
3683254523
9215556387
4948485163
9289114575
2321282048
6680951037
9180882410
7729592151
7483396581
4272340509
4857758046
1692457069
3306110539
8135405136
3160295702
9644980188
5107598684
5846511116
2486808084
6840392096
7136986700
4017211323
1939623455
3721292988
9533008570
5657971338
2677774407
3348716460
9769113117
7249229356
1773657813
6223776497
8694805740
3762526907
1588897535
8511617778
9428212239
1593902156
1755396198
9018344670
5031706716
7055471001
6872821268
2695443809
6304670570
1391484529
4737945248
9244699898
5844662634
9681515253
2925619409
9486524838
9035554056
1368635771
3688389462
1367961484
2588079094
5731279335
8273853382
4503627025
7343170439
6338266151
8550614125
2725038175
3833320514
8366464465
5816599941
1971805372
8889137987
9751289082
3671012117
1997963690
6644919238
4649068189
9691574291
6500618554
6417505646
7378282946
9021639277
1406289112
8600980302
4523782789
5727988820
6167482769
6138192075
9967084810
1073592364
3288921015
2325234245
3484762728
8796733463
8266257205
9656175116
6130976304
4457861830
4114825075
9248561385
5731573988
2689542334
9064074697
5076687546
9509847324
8304125194
4513776180
5935719821
5960925776
8750391524
6653678169
8646145393
4636268663
8368194598
4571759804
6870061908
3991405995
8507314954
4961276562
9136165264
8729864922
2198668730
8073785125
1716154921
9415261100
2348648856
6971657301
5306132789
4688085252
8252709205
3362941296
6512396304
6154308987
3274532014
8652195885
2529279334
8069564338
7289860627
2828559513
5581937415
8689642963
3355549061
6124448536
1081191191
3925448873
7773717720
5423960964
9621350735
6923648348
7291152372
8633461024
1660053953
7276833172
4044785950
3632456553
4395788779
1705727349
3512679093
9658582752
3754604431
4703558705
2107470886
3445700496
3164158163
3415681044
2672885991
6301201344
3510272009
8731402100
9053567920
9211917054
5208335034
6678895424
3904123712
5350796138
2234005075
6078400885
1353822736
3398341977
6028166591
1035289070
3888621076
8355589271
4781394366
3547028285
6744774055
8100139436
4902726644
7584609070
1452334820
5203960447
6973159812
3232024133
6146221574
8934042296
8248335995
4158564688
8915942986
4433863490
4012122883
9315327115
6108424202
7704670967
8603065915
9744887743
6371012053
7296185228
6077884732
5698604140
8915079117
5027767317
8150955579
2352565641
5379620639
7450718428
9069851090
4967940285
5908635683
2458272266
8598580421
6950526977
2174141652
2469429903
9122824559
5843836261
3568977554
9176596554
8966707737
4564241471
1197637908
5426580844
7716982890
8675272799
5600431873
1662445763
1970861253
1405435782
5603362914
2396219952
7411750627
1439949449
2498781102
3307710241
1073397933
7608591511
2092465763
9007588790
6598385997
9203130199
1278176922
3316381661
2563667579
1834769800
2920584851
5594207500
8393428214
2307959345
8151214770
2685186903
5411518293
9994988909
1507586355
6660064963
9585134995
4102358999
5984227431
5269191280
5304068325
7042065663
1959943668
5342151779
2986498287
7142701339
7480585912
9376552645
3806304582
5166602885
9311913662
6454346227
8858600683
6811295711
3214427149
9366577785
3861503347
9990613488
8604630114
2915214924
5071779433
4245246023
4307012574
7609924876
1010244475
9848409888
4177300284
4415206415
1169470546
9481854354
5328971209
2950209046
9633549991
2207006167
9140146683
1766524549
9082308941
1256392314
2230271220
3470875373
5350231615
7473944765
3961347435
3185692377
4696575951
1252934435
1641400050
9109751637
6229951660
4024137829
4629230764
1276033962
1204832235
6644683753
1749812738
2778772030
5514777799
7274294161
9357346858
3920849269
9485869691
5682193713
3504621258
6907245036
8889649519
7438512765
1412150671
7201589893
4336419738
4773313928
4826229712
9879290383
9187559403
8590464971
6318718497
4073428027
8002603614
9644922332
5998294934
8244810292
7516515368
2998031361
1980147726
7090118579
9791959631
1783076185
9783381526
2587415140
3411422558
5901048566
2363756665
9390247834
9144131322
2189818090
3597845533
9669821399
2770443127
5016018303
2599649194
3895421841
1302750511
4893952530
5528107832
8653097368
9248458853
6628553257
8854146857
7276618139
9270077039
1598146607
2202984418
5029674676
2309065055
8510727444
6623960995
5201771782
2798923194
6608727689
7590404194
2763011068
3571022306
3737354047
1453341881
3577207072
5122090595
7422417439
5295330212
2585021956
9358073062
3435833184
2529439245
3512047812
5219732087
5165735126
4024695195
9854041733
5524822149
4648041054
1274676162
1779762444
4547201811
4812017759
5960947639
2850868015
1343463443
1596029769
5216576145
3882251207
5822140666
8971720221
5586524194
6175550242
5323670903
6949650367
9921824068
6801264029
8701673380
7080972240
2622760724
5710747686
7126156841
3566968269
5123304097
7880437783
7699574088
5796482847
7555606239
4147249155
8041023074
3311597325
2044964202
8857700029
7393530412
2864023701
3055937119
2620493392
8117554752
4454437908
7163448711
9893338099
6147857683
7915576191
2388407596
8494487672
2117295422
1725014747
6442153300
6171209249
9566796148
5337628495
4985977748
4244336878
6108002313
5876523770
5640496562
3320559343
6159257647
4005678504
2264378837
2290598428
3098652695
6697929929
5301800282
5401422293
3105496726
8188157818
1663313655
6437876666
5524417546
3944893600
2916223097
7782513565
8911453650
4934224498
5310035541
2115967173
6388743746
5757842539
3442533389
6034948528
4332345812
9068207714
3368248102
9397491591
5321801645
6635570193
6823256031
2598537702
7170760619
8380409705
9861159983
1690205551
7819659907
7618100405
7795165719
5269540253
3749650212
1222480011
3365682161
7213326558
1607878815
7314262269
7933611449
5438256032
8422925037
6975607613
7682808430
3191218880
6061327315
4654908055
8265888315
5253010741
3330269539
7620304080
5809947080
8995010202
7292337701
3556688702
2194670147
5691254301
1467270105
1749337192
4754172106
7556201664
6265745509
9072457071
8271536398
5914426727
1184717084
9789038418
8048075407
4653332715
2950186541
6561762535
8279501228
5511565524
7720197647
3965162963
4695825035
1718026712
6320742318
8528138110
3600884667
2255772486
4795566962
6583317759
6936197543
3267182854
5839552855
7757698240
5797430874
1682244528
2495545907
9755595767
7524654760
3634642785
3347223869
7282776365
1170407979
9578344826
2079822723
1412818272
7113481905
9398231267
7711689590
1199132317
2649721956
7750288904
1531263526
6373463425
6544880414
3765371222
7266017757
2754369916
4124679907
5190083877
5599153682
5637161493
2948007433
6696150201
9878925887
5814523733
2868448305
4850476865
7828494557
2217442387
4945106419
9812723023
4617189140
9884960025
1750153587
2590552910
9426027186
4058767331
5892639880
7516626542
3016104707
3368398286
9760194511
7699260648
2837067501
1416259676
3801318493
9133951377
7126692930
7915378630
5285759684
3690071135
9102583293
6851693433
5021673754
3828707690
8533905046
8709133113
5770103820
5294901979
2805329185
9191530191
8490810826
5583260361
8019367937
8112466111
5895840609
3112085504
2780322518
5525473846
7403755881
5740632998
7385266142
7080112011
2176586278
7531769025
3738475098
6322548886
7366441631
5904991185
8176646146
6016144890
8136582255
8065410620
3854309792
8426996557
8443255772
5494663913
3285178906
1373622613
7132055376
3541291609
2917782071
1446072486
1354345994
7233924805
3935343159
7166096134
7336268575
1268626291
1883435547
7530062280
9472151899
2345501340
4543133096
2381671660
1921308120
6524707139
7552509280
9892788953
1222147925
6415046147
5661424468
2228326196
4101746443
1497845689
1141215042
1260078679
6418976491
3651954610
4582941705
6269458847
7016691282
1156751287
3953458722
7366488307
3710725053
8534134850
8927245954
4754502529
8303350722
6610102586
9217944516
1464857432
8726114991
5921708874
2051348241
9966069540
4197611625
4336750857
9769687685
8258532891
3761383336
9790162123
2604884619
8642444622
3272807281
3482371214
4664515633
3678830876
2200988085
7603875929
1582335473
2496126293
2860197710
2468472058
5284821016
1672642194
4884343002
1867177806
6608344738
4632516287
8850040803
8823194641
5261481409
8741796738
8076542219
2700860466
5084551553
8202514417
6400338792
2680960914
5030938646
7734671084
2661929935
3545180643
6555177575
2143042343
5133106692
4471686173
7822373052
6697776236
8998032510
3749255071
5594977713
5637873537
9740873403
7403985955
1955456422
2098869056
2021596528
6969159525
8661869306
3415246876
7828705851
7907767667
4417503692
2702277036
6437234430
8477663791
4134530016
8751741247
6977109357
7578913666
9491304015
4354131588
8671317856
5617479737
2895692726
9592289094
1322393733
4318480646
3922392831
8390212474
9743933715
8541506904
5292905271
1512564407
5532407053
2601998354
2803639070
6912362501
4432149596
1090201634
5690767339
4650488984
4860428181
1244991835
1704399757
2254373471
1300353026
3487397565
7035999696
7614683082
4046229693
6991297188
3725222113
8982276407
1701921529
6618890236
9889346261
3099382290
5347445806
4628714484
4927524680
1398578239
6745998286
9609803965
3035167984
9119709594
5531959887
9782713475
6829458726
5023579556
5638456196
6272238907
8978997458
4676681921
7894671439
4740606206
7611087957
7383595099
7198662841
9647751919
3957492522
1670791787
6300068658
8073760174
1989898091
5243973914
5669307085
9063925135
4090796237
3697161245
4762639638
3624683615
8315550618
1533989192
1661635519
7316206520
6200880779
4225645201
6315949626
9219203346
9591687278
4441651467
6184112354
5016843420
3594695537
7132852858
4060289664
9944388896
9101469193
5942167510
5883460354
8261061170
6465661155
3826580615
1860296325
9305295078
3856010698
5870146585
6623302773
6859202070
3092693534
3623892956
5401706252
1023233418
4122804088
3440861639
9520740321
4115302311
3874369355
2435920714
8072767382
8231389608
8963753388
1419967891
7335707506
4204515072
9737763265
9905742565
2736824547
5644449541
9451374641
1783241189
5490576231
6939877250
3767118143
2244577244
5611303367
9105524758
1735463913
3215020269
4022087795
2352127098
3442655919
8006661062
7837299993
9501289087
3693280180
8531627785
3089799516
6760181599
2829275434
4039907349
2309523031
9472914189
3732428033
2767639856
3210368976
7604876657
7018493422
3955681159
6410034393
6494427445
2531096869
3138762781
3889485089
1721161950
5668236254
7265100375
6256832204
4597938567
8426562121
5735669589
4236429697
4852013896
7640712480
1841104029
2336354510
7752841013
2837261012
3657882865
1046979793
5361553584
9492004381
7740177306
2359974203
1680626927
6085750308
6981309048
7694118531
5648676050
9104357163
8651239714
9872508677
7934734085
2712833941
9546634161
7448541228
8587647754
9935465956
2288193555
6144134053
9204340147
1187895035
9533390772
2819923009
7116521161
2144867988
8961698822
3656747643
8547943384
3886183372
1244808959
9240385200
7401299243
4802731583
5591303136
5347048175
6153707714
9688973176
1609404170
5413098561
6151349540
9469091732
8927029944
7373649176
8972963239
5837540250
9317887278
3663673298
8489674614
2408614899
1006640166
6819554134
5854429439
2736588415
5065961998
2920526200
7088149954
2910612279
1457219126
2253063279
9498353249
6209394986
6921752812
3325221288
3398796806
7378400684
3913167736
4444239615
6419837892
3030902420
2118900121
7994659658
4894150485
6444252359
8024428983
7330686841
3846360168
6557944489
8091412530
2325973913
8832789952
1314731632
4522694193
1563000197
3472267627
9967540864
4649400720
8894161735
5603767805
8788288617
7409750969
8374687046
7774645345
7953796286
7599542150
6548458072
4427631653
2451524430
4658457604
8711146893
5176868050
9285800175
6322647374
2395390106
2601857950
8694743092
7840922288
5809513006
1492463092
4336526916
7390306506
9927977306
9800224534
4018195895
6328047233
7716233953
1962044416
4526742762
3614253881
7147299983
8901443823
7243015713
1266454805
5664567852
3255000283
6906485767
4827214250
5593175035
2773380168
6139365112
9487459736
3074400875
6779770604
7249992837
7039172717
4955217382
3199717455
5146819957
1289016924
9953634333
7216857075
4545896833
6997809667
9359415469
3979602423
4320298077
3727933107
2789398054
5136759096
1201267630
4089709202
2356911399
9980485857
7036990717
6789486811
1565574841
2809765063
1843856439
8668732784
7228703494
9469261479
4254254693
2896479547
9950989253
4345960449
4291527641
7919538980
7064418289
2800049447
7664123293
5564872479
1696871166
1223355396
8477198645
8807203682
5770991517
2392474904
6894741886
3492040513
3925042559
1013123656
3525222008
2830897333
4379502231
9400618885
4662681551
6491872350
9159761305
5029553079
6942734536
1759927143
5291026908
8273535079
2342294409
2243394607
1815648609
9659012721
4481585069
1853945780
9059292219
3703655043
1084634691
6067694666
1482972963
2854336522
1326427488
7036633088
6575714186
5249458649
6966074638
2745640582
8962719308
7750691915
3570635063
8619315929
2737638986
6404517783
4351793417
9142203222
4755494026
1624726914
9691628071
1905611816
1272063362
6637304764
8233112276
1813283283
1974411608
3112112803
4147013755
8839123230
5788119533
6591431829
5964283037
6493953390
8495491207
8483190014
3180299087
9440898530
7851459181
2006264317
7514540492
7482214857
9181644309