4327720991,1,8,49
4370510685,12,5,35
8483898173,18,25,49
8125041768,16,7,7
9109899641,15,27,11
5510371250,6,20,45
7957527693,17,9,38
9066056675,18,27,31
9485231952,8,27,48
5552333687,5,10,21
7753395256,19,6,9
2970879309,13,29,46
3919017662,2,16,49
9593201133,13,3,45
4471590450,2,9,5
4544793330,16,3,1
3681788467,4,21,5
5720976362,3,6,8
1364451701,8,18,46
1600310233,20,20,9
4045383258,1,26,25
5856441382,1,28,30
5414717421,17,27,48
2917974843,4,13,29
7623432144,3,5,32
7998307671,19,8,24
7566248010,12,1,37
7595308610,7,22,35
9004624408,7,20,24
3295704030,16,16,12
8713815813,4,12,25
7356568641,16,21,21
5053901212,11,16,13
6793690531,8,22,39
3992208771,14,12,7
2963157791,14,16,13
1696999266,16,14,45
8828479774,13,27,33
6118348970,20,27,1
3578256554,15,8,3
3644417049,13,12,16
9747728120,3,3,6
5975194672,10,26,6
9151771029,16,29,2
2300258958,6,11,2
1386242375,13,17,24
6813402671,10,28,38
1889571583,16,22,16
5035657948,1,29,39
7947357762,17,25,37
3123487210,17,12,9
2524372864,10,18,23
3534557094,13,1,21
6692002220,16,6,12
4851680841,8,18,43
9263350937,17,14,38
5363365936,20,25,29
3658416287,17,21,33
3080207119,10,16,27
6185496562,20,2,8
4488908473,7,16,2
5121848884,3,23,48
4021769625,10,22,38
8365314757,4,24,13
2526843902,13,16,38
4990941517,19,24,42
2129780385,7,17,4
6274861136,18,23,4
7765641061,8,24,32
2833676582,7,25,35
1136070250,19,3,43
8746853052,20,27,10
1122891648,13,26,37
9421325369,13,1,39
4287220534,5,22,40
6067101799,7,10,30
2142108121,17,24,11
2182118168,19,19,31
6708522546,17,1,34
6579499762,9,8,22
4819546317,8,4,22
3576741873,18,25,4
6288804389,10,17,44
7652951407,6,21,14
3761386701,15,30,12
7973694182,10,1,27
9413837593,17,2,26
6492372881,14,6,20
6371147825,4,14,24
1738830590,2,7,19
9364392527,4,15,20
5440043577,10,28,8
7129695651,17,17,43
9355455751,11,22,3
7520009369,11,20,34
7596934310,19,11,5
8724520371,4,2,10
5328919170,15,20,41
5918078736,11,19,39
3244264344,12,27,23
2719593165,17,4,20
6838654911,6,4,20
8745894809,15,25,2
7958661158,16,27,14
4511225846,5,29,29
6548495437,16,10,34
3083562830,4,11,16
3095082119,6,21,37
7234984885,2,3,46
5289676900,10,27,12
9411169432,14,14,42
9643705229,15,17,9
2887354552,11,14,46
8550291145,13,3,3
1142650225,11,1,13
9922767318,2,1,39
4142434307,13,9,41
4179909774,11,24,20
5622951009,6,23,38
4017029075,12,8,5
4892604164,18,5,28
5359950531,15,17,34
6826150921,1,16,48
9598397150,11,10,49
6052873391,20,8,31
6683829289,3,2,47
8758850569,9,9,8
9208615856,4,30,47
4316010058,4,3,11
5909918841,8,8,23
6203779494,19,1,47
7987797028,7,28,23
3813872645,7,14,6
1054591697,11,11,13
5023128295,8,1,20
5431931561,7,5,4
9204874291,19,1,13
6243976824,20,10,38
8967094009,5,23,45
8309146729,8,5,34
9921103721,12,26,26
5498210216,6,24,28
5981356567,19,28,37
9065716477,10,24,48
7923909889,1,11,4
1125886534,8,9,21
5275816329,20,28,21
8762716550,8,22,12
9808758463,6,29,1
3121124935,13,2,35
5694462431,13,27,13
7205774967,7,17,27
5079714177,3,8,44
2744540114,18,5,11
2261890464,5,29,15
6334286367,17,18,28
3264493890,8,5,46
7353856573,16,9,9
5706133515,4,28,21
4183588054,18,16,49
4021758879,19,7,42
6405500798,14,17,42
9261754885,9,2,7
4412590785,6,6,48
3597542846,11,26,17
6577836356,7,14,13
7027528677,7,22,50
2364821313,3,19,39
1281867497,2,17,18
8314049223,18,11,45
5763336392,20,18,49
5980803854,12,3,4
3638645102,3,16,22
1090956541,3,21,39
5461440651,11,23,34
3787560530,9,12,42
8532961887,7,20,50
8953230845,13,4,8
9426263767,16,27,44
3313135412,13,2,18
6854934599,8,2,12
2908066505,18,18,3
2021838283,17,19,39
3294810497,15,24,12
5741745099,17,24,1
6445294440,4,10,18
4811695384,7,25,41
2514043032,14,6,12
9684750160,15,2,23
9263832621,11,18,46
6625186891,15,9,11
6762216544,10,5,48
8549089255,6,28,48
2362402904,14,1,20
5443094649,9,15,9
2114365701,6,28,10
9050125735,5,6,19
9021671981,19,5,3
1851176101,19,7,35
2424538813,19,14,45
7860603362,6,4,11
8863786169,4,7,17
2961957983,19,29,14
5570844613,19,16,40
3137188718,14,6,44
6275550576,18,27,8
5395031680,13,9,3
1365933213,19,5,20
3861603000,4,19,9
3045503653,6,9,23
1752545444,13,9,8
2757351183,3,20,30
7143860389,17,1,26
7709310868,2,7,29
9904292605,3,3,34
9180373109,4,6,48
5810088838,3,23,49
6043490959,13,3,36
5046445032,15,12,17
1141736021,20,23,44
8183289630,13,8,26
6690716025,14,8,9
4799293805,18,11,17
9546476330,6,29,31
3291909039,17,1,38
3855775932,17,23,8
4691652523,6,25,36
7484714665,3,28,4
4048753576,11,10,41
7332137442,1,18,11
7525123464,4,12,30
3113240362,3,9,35
8265368201,17,24,43
8441138838,14,12,8
1118504837,20,15,27
7474860426,15,20,32
3174256356,17,21,37
9755061513,20,21,18
7329222151,18,13,49
3252305370,6,2,14
8132050023,1,25,20
1848658064,8,22,17
7924687383,19,10,31
2634571992,15,21,38
3688167780,12,11,8
6938738165,9,29,33
9822393031,9,5,43
1353561995,2,20,20
7093513963,16,22,41
9122474951,11,24,44
2236112108,13,25,1
1144622649,19,5,39
1957505126,13,12,44
7015416562,10,3,6
9989584986,7,9,5
8151057026,16,28,16
3376631057,17,12,21
2675500323,17,30,47
6171995236,11,17,13
1402770673,3,16,47
4450349442,19,16,49
5250808394,8,29,18
3689068922,6,8,26
2437666197,6,2,4
7536520945,13,8,1
9284602447,1,22,23
3073223777,18,19,29
4303956850,12,24,19
7492151100,11,13,15
7468334605,10,24,29
6706857029,19,6,27
7509652612,2,22,7
7238866364,2,10,40
5556758514,5,18,50
5834176325,2,27,6
4082837640,5,2,49
1456076734,7,22,5
5933528807,18,19,36
7419464202,3,28,29
4263252668,13,9,11
9184835617,18,9,23
2563532346,3,2,41
8282126398,13,8,20
6722525594,19,3,27
6189747923,10,15,32
2021958724,14,7,49
9641291119,1,10,43
2441912847,15,24,18
3077629491,11,15,38
4459204040,5,21,35
2467722840,4,6,7
6675279999,11,12,24
6078417072,12,23,2
2594243744,1,18,25
7151062578,11,27,12
5090619031,18,15,27
4464826937,7,12,19
1462169097,11,29,44
5173520532,13,4,1
4615916624,7,19,50
5788862942,20,1,18
7241666551,3,2,40
2279116348,14,30,12
2503505029,3,19,28
5709619891,10,11,12
1493922703,3,6,27
9233857963,9,1,32
4688850394,3,1,32
3120008438,14,24,45
7862428503,17,26,34
6134532753,16,20,22
3345735806,8,5,20
5137221496,13,8,31
7528685409,18,18,39
6232939282,8,15,39
1431385017,1,14,29
5179623440,3,13,23
8951710029,8,4,44
5449267407,6,14,3
8879344026,8,7,50
2925629789,1,21,21
5654384920,18,14,22
2596611690,9,6,33
8782275143,18,22,10
5368957136,17,20,13
3014115083,9,10,49
9672895438,4,29,50
6950986157,20,13,10
8547988366,10,13,9
2708370925,10,3,28
9024675920,16,22,20
9958222283,4,16,5
6855208012,13,4,21
6350384231,19,6,29
5940094401,13,2,1
9203108138,12,21,18
3092154675,20,13,37
5412919082,1,16,14
3180608011,11,14,22
8178232869,17,11,42
1674662101,6,25,34
6062678707,6,15,33
5240168376,4,30,49
8731380350,6,20,18
6838363785,17,9,1
2121884053,16,13,43
2185706793,3,1,40
8289330372,16,26,13
5183586760,6,9,11
9384520394,1,11,50
6104035758,17,14,17
1120519359,16,2,31
3425474200,1,10,20
8770605793,8,17,21
7015043565,10,30,14
4659154784,20,26,37
3102621646,18,10,10
3640987573,16,19,29
9296746285,15,27,1
6006315846,10,3,35
2099276057,8,6,9
1813284491,15,24,9
1663712809,19,17,37
6126879021,20,29,11
2074815515,19,15,22
6040493931,11,24,46
3686012106,3,7,26
7321051466,9,1,7
9770360662,19,13,17
5401554602,14,22,28
6526681791,6,16,9
9419792683,8,8,17
9655076271,10,5,49
2285121279,15,2,18
9937501415,4,3,9
6850306671,7,15,47
7831365622,6,25,32
1880039891,1,13,20
4040622927,4,14,3
7316325148,2,9,18
5120374327,11,9,48
6821182394,13,18,22
9147320807,18,3,17
5646880795,6,20,2
3092774114,7,23,17
1752727427,5,2,12
2728695010,14,27,1
4184513638,8,28,11
2780917327,6,25,31
7102666655,6,18,41
9646660672,14,16,12
9881251002,19,14,18
1593718121,6,17,47
1699674186,5,20,26
4540015779,18,24,13
2792193586,11,8,17
4014545313,13,18,41
9467857967,5,20,45
4648276006,16,2,45
9210755134,9,6,26
9730782453,13,10,25
5019167006,7,13,26
3218542032,2,13,33
8563900070,7,3,31
7308643091,8,30,37
8166580515,20,25,11
5766606653,7,8,36
8693240858,10,17,20
5596976697,3,2,32
8345761746,20,11,37
7056229952,20,10,23
6567168204,6,2,34
6967473430,9,20,32
6271760288,13,2,35
9783357933,2,12,41
7413509329,15,8,30
4594281939,20,29,31
9855765846,15,10,45
5225656700,13,18,47
5067060023,11,10,22
1241902108,18,15,25
5863033694,13,6,23
5951039151,18,13,31
8349387476,7,24,3
9068319143,1,7,46
5745842767,17,15,23
3944367657,19,26,43
1712724973,2,23,45
4036362991,8,26,29
9525550234,16,29,20
5649925781,16,16,22
5986952985,15,17,27
2861989235,14,15,6
3087663472,12,26,17
9346591807,13,2,12
3629125353,11,2,8
6601886218,3,8,13
3014012310,12,20,33
1601808151,8,2,4
3046210822,14,24,28
5622344483,11,3,21
6895487765,14,9,49
8591067222,17,25,35
5961875995,13,29,32
5782059077,4,9,30
7192879757,18,19,37
8303524114,20,5,31
8994276756,12,16,3
9390474125,4,30,17
4359095936,13,17,29
5490627043,17,26,14
6081972511,19,12,46
8263842242,5,20,32
2156379641,9,15,33
4731492374,20,24,46
1446542693,10,19,10
8225186310,16,21,46
1295024616,7,22,45
3210036485,9,12,25
5091384032,1,30,15
9551577158,18,21,50
6640630768,10,10,50
6796776284,18,26,11
3173283573,17,4,20
9853239615,8,13,16
9126948052,3,30,20
5424734083,9,21,30
7901725523,10,5,15
4456524619,17,10,42
5691096087,6,28,29
9477961019,17,15,14
4133192050,2,30,25
6480572921,5,23,11
7926096454,18,21,46
1648705735,10,21,11
4685590482,7,21,14
7676086955,4,11,25
2677468964,18,24,25
4366198474,16,9,11
5800125027,13,17,12
3032863528,8,6,7
7102212887,11,20,45
5668708795,9,25,13
1565352104,13,7,14
1791100692,6,19,29
5802161939,11,13,25
6215257384,4,2,36
8473865463,14,6,25
4612141129,4,16,4
6595373271,9,12,39
2225069449,20,29,44
3083598694,8,15,25
7550210595,19,3,40
6785504290,8,11,43
5252706188,2,8,24
7925641469,12,27,18
7585658403,10,3,46
3563685246,14,2,37
2738379896,5,26,21
4421862801,15,14,19
8412134717,9,11,22
9723544369,9,25,28
8361267083,19,17,28
8335189922,19,21,21
5904425781,18,26,45
7040153339,5,20,3
7878905600,2,13,10
3426109396,12,21,44
3554430319,16,15,14
3418751117,10,1,12
1057587420,8,30,41
7533673416,5,29,39
3241954689,14,3,6
4972770493,10,23,29
1652068966,7,30,15
4187841506,10,9,28
5657607637,8,24,4
6059724931,7,29,18
9653200316,6,14,49
3429409210,17,26,48
1122396523,11,9,15
2167902088,5,4,16
7627682130,3,20,16
2697966668,15,27,6
5737430468,17,2,27
6173647142,17,3,8
4811297709,10,24,13
9465434513,1,16,13
1323970683,12,28,36
9190379318,4,10,42
5954587320,16,1,20
3780798746,3,8,33
6367782421,7,24,38
5613867762,14,10,11
4398541347,17,1,43
7401392038,20,19,8
7237943532,6,9,47
3143163546,12,4,47
2737440517,18,24,37
2007042747,10,3,29
1206615341,11,23,48
3971764486,10,27,33
4935618306,20,30,42
8253994402,13,27,33
5207109611,9,24,47
5410946998,18,9,49
7052428402,18,21,40
5576622730,13,2,38
6426058987,17,18,42
3986519860,3,30,37
9900920930,14,11,41
6974390153,3,3,40
3340990440,15,21,24
4120002713,9,19,43
9960415189,19,23,39
6230560116,7,25,18
7859840872,4,2,42
1940953573,11,7,49
9108748872,11,25,6
5870899982,7,8,26
1896382749,19,15,7
9613157594,17,8,3
2371731465,2,25,42
1952764658,4,23,41
4188452031,19,21,50
8360196405,20,27,3
2588047952,17,25,47
3108785646,3,4,19
4447811936,4,21,13
7700662962,7,1,30
8741704580,9,15,33
8733198971,16,26,48
2038971577,9,20,5
3951032079,11,14,18
6578158509,11,21,44
3038092676,2,2,26
6248138768,20,8,8
3227749282,6,18,40
7718106565,14,7,37
1941041854,1,26,30
6851920736,20,17,44
2482729838,10,4,34
5105431052,11,7,31
3069311590,13,15,14
6505532876,11,14,1
6866260236,9,1,19
6187132200,17,5,30
5673846195,10,13,41
8765447653,5,11,38
7799519821,19,1,21
2678305704,4,7,23
5894038047,4,20,10
7744683020,14,22,1
3070796115,14,1,12
8244267474,10,7,42
9481978513,19,27,5
1248248846,10,7,23
3194101587,1,27,36
9833688350,14,7,12
8101148037,1,20,20
8233709312,15,10,3
6046718169,4,3,49
9347053687,8,2,48
4582935494,14,16,42
3018183123,6,10,16
4819592472,16,10,35
6975613434,11,8,15
3798164531,19,3,38
9692457473,7,7,44
2966904321,5,10,31
4247559453,15,9,15
7050071769,11,2,11
5801940383,17,7,33
8612490645,17,28,24
7728732479,6,11,30
1126604913,16,29,27
1138371859,5,8,22
7522114915,17,1,27
3695721728,16,26,24
4345215864,2,22,9
2661832439,20,19,23
7385812338,18,6,20
7236707498,8,15,25
1780367829,17,30,44
9266762362,6,7,7
4096294149,19,11,42
4293633054,18,11,5
1110067452,10,17,38
7218162408,20,11,45
2820521551,4,3,1
5274514928,19,18,32
6313052913,2,12,44
9923266536,11,28,35
7051331528,17,30,20
6675895978,13,23,10
6771220317,20,30,21
4748160904,1,25,44
6476109780,14,22,14
2588001734,3,18,46
6226879246,20,20,48
2118580876,18,16,2
2535614107,2,11,9
2385409321,4,6,30
8470243073,12,9,1
3994904185,18,1,43
9398445096,20,2,27
9458976634,6,6,24
8906500621,3,8,16
8978786145,14,26,14
1473630691,12,2,9
1730657906,6,19,21
8852847308,12,28,21
4435616929,13,24,11
2969987023,1,10,50
5459191001,9,17,17
4302908033,14,14,37
5263539796,20,16,27
5050684842,20,1,6
1969638131,15,22,23
2159913536,7,6,36
1338054896,11,3,41
7088654610,8,26,11
4254999161,10,14,19
8644870915,9,9,48
2615255084,1,6,7
7272864540,16,11,39
2583101484,13,25,36
2199129470,14,19,22
6116114946,13,5,6
6138510774,13,26,24
6097270529,4,5,20
7895976380,6,6,50
1378546421,9,4,18
3749104258,12,1,10
5064679271,16,16,26
9510221972,14,25,34
5051038199,16,21,11
7517546595,20,14,16
2931557573,4,2,17
1641005638,11,27,4
3817462306,20,3,16
3537571713,20,9,46
5719224082,13,16,10
8422876377,10,22,42
8849649108,5,11,12
8407625637,2,25,31
6699817656,12,11,45
2018562335,19,19,26
8755960035,3,11,20
7263734241,3,23,20
1495451550,8,3,35
2310347471,1,21,5
5673475307,2,29,7
1369169127,8,16,44
9880584743,7,27,42
6620506474,6,22,11
6377977997,11,28,6
7854147814,3,2,31
2111979219,9,27,27
8773516785,10,27,22
9641881490,1,22,33
4476068498,15,1,18
4021812700,14,12,20
2790070950,13,26,23
6380232237,16,23,40
1127280189,15,9,10
4050777133,13,22,18
5555954019,7,22,26
8873029632,2,27,36
1104140313,19,4,32
3245398448,6,3,24
8056848760,7,26,42
2727565414,10,18,7
6004892269,7,12,22
2653952275,1,6,21
7681255507,15,23,15
4659842169,7,28,47
8368853294,1,5,31
8842866855,2,21,5
4362864274,13,6,48
8413147172,1,15,30
5713857445,11,6,22
9614243723,12,1,10
8158137899,2,25,7
6108291849,14,26,9
3114148122,18,12,26
1214347682,9,12,14
7475221219,18,7,40
4469361804,1,10,19
3587334147,3,2,9
8550501950,20,2,20
1317029413,14,16,34
6991873221,18,13,25
9994850798,14,22,8
6374718295,20,22,42
1108319606,8,14,15
8274698673,13,23,40
9992580979,12,4,20
1891686541,10,16,31
7970802972,18,28,29
9385267188,10,17,14
8740842296,10,4,34
1900694486,11,16,37
3128723197,6,12,47
8877246454,18,17,1
2618412736,17,25,30
9875384971,11,5,21
3388401361,10,28,3
5085413511,6,29,29
3608625323,10,11,28
1268054251,7,17,12
4884579244,10,27,35
7938664986,16,5,18
7721131849,2,25,19
8845115611,20,1,9
1982877664,2,18,44
5368849761,12,1,16
3229024518,16,16,6
1410197627,14,24,40
3833134730,6,4,31
2669453112,10,14,11
1319233567,19,12,35
8059392598,20,9,32
2747121871,10,1,49
8919926287,17,2,26
1386661706,14,7,49
2804525533,11,2,33
2843502679,1,14,30
9196057798,10,26,20
7376531695,17,16,44
4298374614,6,29,34
4513522153,1,29,7
8911539975,9,28,20
2992195019,16,21,1
7328252713,11,21,6
6057993966,12,8,32
8876260948,12,6,22
8961377391,17,25,25
1531093181,3,12,13
6423848683,19,29,35
8848519733,16,29,30
5077454443,1,14,36
9724348077,13,10,27
7813947424,19,29,42
8704332294,18,25,10
1627715321,17,15,18
4557581409,6,15,38
5016243794,20,25,18
5728995255,10,24,29
5863598142,1,20,44
8546244528,10,9,27
8139257999,5,6,6
1200833996,15,19,26
5592218851,11,20,15
3337032355,2,30,21
9652434442,9,26,14
8793964814,18,28,18
9223749557,2,3,18
6883999106,16,15,39
3934432571,8,27,20
7624347113,5,25,15
9415884039,1,22,38
5427311116,3,16,26
8857400416,8,10,5
2269591298,7,21,21
1451269765,20,1,29
4083362796,10,23,50
5727633318,7,8,47
7154568107,4,9,38
1930009299,7,27,35
7703094493,1,25,42
1685937482,15,20,50
6362151966,14,11,24
4947419664,10,24,26
4441448349,11,29,42
6733464585,16,17,9
1400795272,1,7,36
9539867537,2,7,30
8272831316,12,24,29
5349730414,9,6,31
4627059091,3,24,32
5563115411,15,27,13
4346522933,3,18,45
3094710815,5,15,8
2024758256,15,3,40
1771879696,11,17,48
1856002891,3,29,11
8523779071,19,16,7
6843757959,18,2,36
5241347536,11,26,49
6362937406,17,6,14
2840636356,10,29,50
1301127634,17,30,27
3275098637,9,6,46
6004515513,2,12,45
3647267511,9,5,13
4315667327,10,18,38
5102890292,16,21,36
1138656106,17,9,44
8181530776,11,20,1
4335110368,9,1,20
2530459193,19,12,49
7071244616,4,3,35
7059729349,20,30,36
2425520459,14,15,24
6284287250,6,20,27
9468738302,7,8,39
1002690366,8,7,12
8673480433,10,17,5
7498525393,5,24,16
6282275941,16,16,29
4872980751,1,10,35
2740264409,4,12,28
6391652710,5,12,43
5037477522,5,19,45
4923564041,1,16,6
3887523142,8,17,46
3594069373,18,12,32
9781458098,20,9,34
7477114890,4,19,37
6092829519,9,17,46
8598831275,9,4,41
9687872682,1,6,2
5402305021,6,6,28
7290983346,9,2,44
7763007557,1,9,44
7015654451,18,15,30
4434959944,2,8,19
3426646143,2,2,3
5543001320,19,20,25
8848301283,8,4,27
1474237637,16,13,2
4050898616,14,8,5
3366239829,15,12,50
4882101954,3,27,5
8019956545,12,18,25
5739096562,5,24,50
3774528887,19,17,36
4149968783,3,24,43
3622302300,5,28,26
9918756504,5,20,16
8519067372,17,16,50
7707780732,16,13,2
6588854057,15,6,30
8900471770,17,17,42
9260502455,4,9,3
9218662651,3,15,41
5976323448,1,9,7
9162805993,3,29,13
2980690346,11,13,26
7926269031,12,20,43
6645567920,12,11,13
7085493583,10,28,35
2966258367,14,12,8
9928963678,4,14,16
2971014115,17,27,48
3587147130,7,17,41
2066388210,11,14,3
2638336199,12,16,47
1294564692,1,23,25
9959687522,16,10,39
4374306487,3,20,41
1825160066,16,4,48
4340218068,8,8,26
4625326015,4,28,1
8130234391,12,2,43
6930803758,1,8,31
2930157080,2,26,21
8983208589,13,8,17
1255828092,5,10,43
2133531626,20,6,40
2932829366,12,10,1
5815162856,20,13,23
3705669879,5,2,40
5108895060,8,12,30
4461840899,19,5,42
3228787364,4,24,26
8511176568,15,7,43
4712519129,20,22,25
4551761316,14,14,26
2668307571,18,27,15
7892395561,13,24,25
8722036601,4,30,30
7994066174,3,24,32
4918310741,9,8,35
4319276052,1,11,9
9321052812,2,10,18
7462231650,10,21,26
8899249091,16,6,8
9641360439,11,12,36
9664384636,13,11,32
1952851727,15,23,11
4619542641,9,15,44
2537496739,7,19,28
5607343917,20,29,11
1165475929,15,29,13
6994069030,9,5,12
7141532394,15,20,28
2940148569,14,12,16
5810680594,14,7,16
9652161009,17,25,19
9193981085,10,10,17
8890237454,7,22,39
3290733143,6,11,3
8219033254,18,8,30
8193324783,6,26,27
1633332139,6,30,31
6704642067,17,26,39
4495352092,8,9,25
6088269307,19,11,33
8707640201,20,2,23
2527288486,10,5,27
8236571860,2,26,43
5764837187,8,13,13
4043856087,13,27,7
3556243411,13,4,17
8889017135,19,26,21
4113483065,18,11,37
1589575188,5,25,19
6698844940,8,20,37
5349803018,5,14,13
2269262548,19,10,12
8333470118,4,15,33
4189842144,13,2,14
1301398931,1,11,43
3516375588,8,23,13
7096401167,7,24,37
7593067601,15,27,33
6097943482,7,21,49
5039832006,14,28,15
3688967021,13,15,2
2559041006,12,24,2
1330168496,4,12,49
6077321180,17,16,27
5365873067,15,4,19
6372850305,9,3,33
8187979334,14,9,1
7292609153,8,25,3
2321965502,3,20,14
1671383237,7,12,37
1733164770,12,6,3
8027629158,15,12,5
1895211717,5,19,12
1202733631,15,23,50
7941481261,15,25,44
5534355034,10,12,44
6647979387,3,12,43
6167181916,12,4,13
2526366266,13,5,13
2926082328,18,11,6
4746429303,19,23,1
2249111793,2,20,5
6825058733,19,27,2
4252214556,14,12,26
6396596862,16,10,36
1447903671,17,5,38
3114424779,10,17,11
1681212437,10,9,39
6537277683,6,29,37
8820052648,11,23,17
2468516836,5,2,43
8656326709,13,20,6
3321057378,10,4,6
2155753448,9,21,40
5740733953,4,10,10
5255239869,5,11,3
4377774830,1,24,10
9844077316,16,20,16
9111244813,15,28,32
3095811749,16,6,41
9324761567,14,14,35
6325180241,3,11,26
6563362293,2,20,1
6482105743,8,6,17
3192536675,2,19,8
1085657471,17,6,33
4218439609,11,5,25
7994208776,20,13,36
1728957135,6,10,3
5671406556,2,6,33
4994904026,9,17,48
2648214854,7,14,12
6630732803,6,19,46
9838030222,3,6,26
8044546401,10,15,4
8465477243,4,19,26
3309622082,4,28,34
7877973314,3,22,40
5831112243,6,15,27
4656576086,1,5,4
1474156176,19,16,30
9220413268,19,13,31
4214336629,11,29,28
9743234910,12,14,41
1275330384,19,12,32
9042110224,3,5,30
5276953448,12,1,9
7422566217,2,27,18
2252437231,15,28,25
1515902542,15,13,7
2944065420,16,21,10
1790578905,8,17,2
5048527876,4,17,14
7136933339,14,28,30
5350471477,11,26,13
8946133113,4,18,39
1165993301,5,12,14
1214571604,8,19,19
1874810439,13,2,6
8645064689,10,6,32
6403261292,14,24,21
1650648488,6,19,15
3843068729,3,22,33
8508998764,14,18,12
9474161760,12,24,22
5241791772,8,16,33
2198069853,4,25,33
8113913085,17,25,38
9786796865,8,27,47
2991125259,15,30,37
4221071343,12,8,25
4759729474,17,29,4
2052508199,11,28,17
8312103329,16,21,3
5372883276,4,18,18
4792070297,12,16,5
9415803078,9,25,9
4551761559,5,16,42
9313425296,5,15,18
8442016658,5,26,10
7847334448,10,12,25
5699964724,3,25,2
9349462662,4,8,29
4395153018,7,23,18
3052832524,3,23,40
5450686169,2,8,20
8123896775,3,30,11
8024151185,20,2,17
5152336092,15,9,37
7842297807,3,5,22
2188363751,14,24,33
7546377563,3,18,12
2058044800,12,12,17
3726864229,12,3,39
9916172202,13,13,21
4673606361,19,27,10
2050242659,15,17,44
8784923283,14,3,32
8735200498,5,27,23
3308788915,20,19,13
3757213476,18,5,40
6332688523,12,18,29
1650939291,19,6,8
6798411215,11,24,7
3470964508,14,29,23
7840946515,19,21,27
6912472152,8,29,31
2380017914,20,10,12
2419851545,2,26,24
6127208130,20,21,27
7981587674,15,12,49
4627068470,12,8,21
3145885691,5,2,35
4923030651,4,19,16
7164290304,17,8,21
1989042044,4,13,33
6175980881,4,4,10
6030920909,11,11,5
3024016636,15,23,19
7850238660,11,17,44
2995316572,6,27,49
2426239453,7,29,30
5990196310,20,8,45
4404973254,15,16,42
7317555617,13,2,40
3422114516,8,18,15
6515377174,1,26,48
9359744493,13,27,35
8041883278,13,27,13
5866469883,18,27,50
2214530129,17,26,15
1155785132,6,24,9
8284321335,14,9,14
8847743162,4,12,6
9375693202,13,6,29
2927670530,12,25,5
2065241622,5,4,34
2197402565,1,5,12
5408512705,2,4,9
5182409974,13,1,27
5242699631,18,28,43
4654378143,19,15,11
9492436033,9,19,45
3433398448,3,30,20
3396574648,4,30,50
8239560295,8,21,2
9891225423,1,2,38
1567828489,9,4,42
3442268334,4,4,23
6387914993,14,19,5
1108884569,3,27,47
5513813306,15,24,49
2911621640,3,8,11
6939292648,13,2,12
3937915247,13,26,39
7938448658,9,10,19
4718106816,8,7,15
9324798305,13,26,16
3272816487,10,18,21
3528928073,8,22,22
2491508783,7,6,22
6971502600,17,13,46
9359582746,13,23,18
9326521344,3,11,36
7073907433,2,27,45
4729407789,9,16,31
1233342277,11,25,48
3813417888,6,10,22
8933808364,20,13,9
1230001896,20,18,19
5552330700,19,6,37
2257526920,5,16,4
3900332651,19,17,30
6880354263,3,12,6
7890507652,17,15,10
5179007263,17,6,8
4220798793,5,1,19
5317018255,4,14,3
5390714223,11,5,9
6407429390,13,22,39
2535274227,7,6,29
9959086127,15,2,29
5451137417,6,23,15
2774190853,14,23,39
1357205668,12,28,31
7228629124,19,13,30
4162746669,20,19,40
9433885482,9,7,7
8662513874,8,3,23
3250840464,16,5,35
1175994070,11,29,1
1180756166,3,5,49
1083346583,11,16,16
4136170971,8,14,32
4394256737,8,4,3
7137121021,5,8,43
7724744601,8,24,47
2592222219,11,24,1
9623226102,4,11,21
1127906185,14,9,15
8882855831,16,25,41
5387696774,11,17,18
7439989243,2,15,3
6565768781,19,18,24
3339706655,7,30,19
7044202018,8,14,40
7038390496,2,2,48
9192521526,19,9,9
4481456973,9,7,14
4957727642,7,2,18
6898408243,10,5,17
5542603829,17,1,29
5075700942,18,19,20
5687488289,1,17,31
9142442655,16,25,38
2743204245,3,28,11
8705674053,6,14,25
6513168476,9,2,43
9048617097,7,5,34
9198380670,11,10,9
5797229894,16,9,12
6968246989,13,16,38
2620788055,19,1,4
1040453263,20,27,1
3842241190,10,20,7
9132093467,6,13,41
2895376057,16,21,44
1505104971,7,3,44
8113082373,10,2,47
5176745632,14,21,26
3365261811,7,3,41
1140528201,12,9,32
7405299036,17,15,29
3164285555,6,28,13
2561834547,16,23,49
4101823991,5,3,50
7500926742,6,21,18
6498696859,5,11,8
9824880381,7,6,49
9328226853,4,19,25
4543529654,16,12,29
2584169455,1,8,43
8772663228,17,7,11
5567969545,8,23,22
7466874765,18,21,47
4415030706,16,12,8
5468579302,1,30,13
2341727704,13,15,15
9439877274,15,9,42
4180747710,16,27,33
5484232849,16,13,33
8070801282,1,15,50
6303938715,15,3,36
8908056931,17,19,7
9905504746,4,22,35
8738530186,13,5,33
9704722330,11,25,12
1880787603,8,13,36
1064681079,12,21,7
7430814783,7,17,17
3175624193,16,7,36
7179997670,20,8,25
4794108467,13,27,29
5216225611,9,10,21
2771245527,2,28,8
6286713776,11,9,6
8195527832,17,21,23
6497781594,4,11,50
2461506953,8,10,2
9632528562,15,9,3
4944948487,17,13,4
4078246092,3,1,39
6305846971,15,1,38
8291458357,18,14,27
3715739496,12,14,35
2400824376,9,26,18
6444634823,3,9,17
8996173520,2,9,6
3131296198,18,16,48
4738352143,18,22,41
9826363461,8,8,16
2108884405,7,6,21
5747064276,1,21,2
4279353865,11,7,29
4232051853,9,18,28
7841453915,7,1,5
9296199636,11,1,20
1660953616,4,11,20
9677513739,14,4,6
5542267861,2,20,19
2844985382,11,17,49
6479245030,9,27,4
8887216799,5,8,6
9865537997,18,12,36
8206994299,19,16,6
1506787587,9,25,23
1591843203,14,11,26
1879404502,20,18,14
4381419106,14,20,21
2079855702,6,23,45
5294578964,8,28,11
4597595955,19,18,41
9397130578,6,17,19
5349635114,5,22,19
4339395338,17,25,34
6781397484,12,6,34
8057030864,11,6,15
6517451950,17,15,46
2712502818,7,13,17
2929368472,9,30,32
1516028641,12,24,12
1397024484,17,7,25
4925960782,7,17,33
5246605145,10,27,11
9785101789,8,7,31
7135999358,18,1,7
6925245462,17,27,26
8798336695,10,19,47
4679334595,11,7,4
2728638908,17,28,50
6713120661,9,2,41
8923763140,11,19,17
9878735489,16,3,18
4089460568,15,1,25
4830919248,10,24,17
5595266912,10,18,48
8909610304,10,21,30
8018629771,20,2,46
5745070223,13,4,36
4748931683,18,7,29
6151217377,16,18,5
1302928054,7,30,42
7870615062,19,16,22
8962308247,20,20,18
4746501071,5,21,39
3461972614,14,23,16
3089467184,18,1,48
5379644764,10,23,25
9828890934,3,23,27
4030848680,3,16,8
5520145172,3,12,2
3306384168,2,29,47
3435030991,8,23,44
4435609457,4,3,20
1565797101,15,17,26
4151943617,7,4,4
3856442673,2,13,21
9190470939,13,30,11
6547611100,11,10,10
9392032033,4,1,11
6000582441,17,17,23
9473801691,18,29,48
3341522048,5,6,28
9222919842,11,3,7
4826496800,16,10,22
7503482480,5,1,13
3135107943,20,3,26
2737125476,14,22,44
3182987834,13,18,12
4352271949,16,27,48
3204187091,15,16,35
8443905821,1,18,23
2759398457,12,20,17
5432623095,8,17,10
4913607561,20,23,43
2855972846,19,30,15
7450262588,17,9,10
5640665403,7,5,35
6599535812,16,22,7
6684130877,13,22,3
2770724555,13,1,50
9411579472,17,22,29
5343919968,7,5,7
8952817308,6,24,21
1429686597,13,22,47
3492201280,14,24,40
9381995077,11,23,6
5166400274,13,28,10
4522076859,5,12,12
4709731183,20,20,17
1066441309,16,11,14
1639979375,17,5,25
8003969622,3,6,7
4684023352,20,1,22
3146821854,4,25,50
3287200866,15,28,17
4710761449,10,29,28
1833162308,20,17,18
9327241742,13,2,40
6759560274,15,11,25
6924094558,4,25,19
4244706461,15,14,22
3259823406,2,30,6
2316302446,8,1,11
6225213751,9,29,13
5114225077,11,25,14
5827886798,15,10,25
5794914423,18,22,5
2131213583,2,17,10
5759060499,7,28,42
8339302205,12,3,18
7261769111,9,29,21
8222072360,3,11,47
6623493536,7,26,30
6032539605,20,19,9
3854071561,5,14,14
6142216564,12,19,49
5452668337,10,17,32
7481494359,5,21,10
2593027986,17,30,2
9298597080,4,28,18
9052691444,11,3,47
3635283533,20,2,45
3114254324,20,11,40
4089438846,12,23,26
1772419596,5,4,38
4416359651,20,15,43
3325984805,15,28,15
3811125267,13,4,39
3749635648,5,23,25
7973850807,4,3,32
1553485372,17,4,19
1922277822,7,22,49
8411618721,6,14,40
3847788529,5,23,50
9166729023,13,24,4
4585979209,12,17,11
5895784218,3,6,30
7072950275,2,16,39
9855186968,13,21,4
2130610847,17,22,6
4867809613,13,13,16
6729670420,10,29,27
4532843719,16,25,38
1190110562,9,4,36
8865585089,8,22,4
3687193614,7,3,46
3570706484,8,13,8
2590373575,3,15,23
8337540207,13,19,12
2941604310,4,8,41
4722114382,18,26,8
1312399531,10,22,22
3784490586,11,1,30
3336344602,12,2,18
2965827395,1,28,7
4028621496,15,26,45
3723945245,1,20,43
1863071098,11,7,27
3430937715,15,30,16
8088577001,8,23,28
1163104185,3,10,10
2154525834,14,29,48
9740235551,17,16,18
7155269517,13,9,36
3487695626,5,11,27
3041424000,16,1,9
4535180655,5,13,20
5688750384,16,1,3
5457734098,20,25,29
1372999950,14,10,39
6867534024,13,14,14
8263884623,2,28,1
2881371314,17,13,21
5564033159,7,22,3
3744491016,14,6,10
3945343344,10,3,12
9321837313,18,14,31
3639815613,13,17,33
1951015511,16,23,17
8497997533,14,6,9
4876343940,6,4,19
4258401534,2,7,47
5683337971,17,24,41
6961580031,7,2,3
3551737374,12,26,13
8618080493,7,11,21
6473769326,6,21,46
5008906394,19,11,49
5948955341,5,21,46
8939162735,2,9,45
4739210995,11,29,41
5524890306,5,26,28
4088989448,7,6,26
1431466599,17,29,44
8648742982,11,29,41
7027683584,16,25,50
9670107010,8,14,14
4340198251,8,2,47
7861343754,4,9,44
2883194742,5,12,17
7337101766,12,21,9
1746526309,15,8,39
6241928078,20,19,25
5270342728,13,7,46
2565705889,12,5,35
2702112725,20,8,30
8556763979,4,22,41
4484153661,7,29,6
9606503841,13,6,15
3398064230,19,29,1
8682060438,17,5,1
7462859943,16,22,44
2470188506,5,29,32
6418763839,2,1,28
8058666740,11,8,4
4462935720,3,23,6
5744974253,17,21,48
9920519912,5,26,23
1383676345,10,4,12
9993557849,18,8,34
9591954589,10,12,20
2865644570,12,17,35
6869702172,20,21,7
8900505930,14,16,49
4377770369,17,9,38
1133821619,11,7,47
1288054659,18,5,45
1159559332,7,20,19
6566910186,19,2,48
5131601104,14,4,37
3250994682,11,29,46
8003765866,18,19,47
8801651587,7,20,43
3658421422,12,26,28
9505565746,11,27,43
8705552821,4,7,7
3571716295,17,14,28
7003503446,9,3,43
4098699328,10,27,36
3135392619,3,16,17
5161997902,20,24,26
6884492194,18,19,25
2753629682,16,17,8
6363252906,5,19,8
6773540960,1,8,1
9257104651,15,2,47
4893813732,3,5,35
5182164120,15,3,29
2443533350,14,11,32
4386096531,11,7,40
2716241566,20,16,4
7944549063,18,23,2
3639914685,13,2,14
3362126842,8,25,37
2732283972,20,26,41
2396615986,19,5,31
5716024199,6,19,11
5752148014,10,11,25
6958158852,20,14,13
4950403050,2,11,50
7906098895,9,4,34
4281009738,8,16,37
5211727219,4,7,45
7173180956,3,12,25
4006671480,13,24,31
4314615428,3,2,21
1410349268,14,16,8
7208973676,17,15,2
1885649474,11,29,31
8998361047,7,7,31
2409095692,11,8,39
5039303147,2,12,49
2565029680,7,13,16
9494736053,12,15,44
6949665705,17,1,45
5976494074,19,13,36
9377061507,4,14,15
1523573899,2,7,17
3227371804,2,16,46
4134586052,11,18,20
9777943090,17,17,47
3102667199,2,18,1
3820511747,19,26,28
2867816454,13,24,6
7269432245,5,20,50
1039506160,1,5,9
7646610179,3,1,28
7409618646,12,28,31
4431917806,20,23,49
2297266597,11,4,2
4056005914,6,24,38
4283742499,12,5,49
8020757907,6,23,36
8234700351,12,29,13
8380859369,8,3,48
2851650883,9,17,22
7244458553,20,9,13
9974521258,10,2,6
9945446361,12,10,7
4310327852,2,15,41
3214545138,4,10,38
6908711210,7,8,49
2717827296,3,8,19
9611718313,7,4,32
1745088442,6,10,36
9284281505,8,30,49
2693314036,6,14,3
2167267673,2,15,25
9687743345,16,21,35
2633846199,20,18,22
4887363784,10,10,10
3874463157,18,26,34
2892801432,9,4,18
7265284891,2,6,42
9092517923,20,13,49
6352172534,5,30,33
9937263868,6,25,32
8810206974,10,3,29
6083338059,14,8,46
4303636987,7,2,20
6155418914,9,19,27
2969586269,15,20,25
7782636453,6,8,11
7578580139,8,14,19
3601298729,8,14,15
8170249908,4,25,11
7613799303,1,10,36
6392892559,14,15,36
5005742929,4,27,1
1593971448,1,2,24
6023949891,6,13,30
4759064244,16,5,12
8854251324,19,23,20
5931115788,7,25,13
7703495481,3,15,12
1610109280,20,19,20
2969517831,13,20,47
1880530349,20,18,47
1858367981,13,21,30
2129787108,7,4,45
2198267654,4,15,25
7291978361,2,21,13
3590816280,14,29,3
6930038497,5,14,27
5168758831,5,15,15
4714182377,10,22,15
6311559457,2,21,22
9054908796,17,1,46
7750180444,20,2,19
8985643777,7,18,34
6181408518,16,9,45
4663403623,3,7,16
1810238480,19,5,26
3027922045,17,27,25
6899583362,6,6,15
6931134404,9,23,10
3361123133,2,16,10
7645046595,1,23,25
9911336323,7,25,29
4474621168,20,2,50
5771632241,17,13,3
3062402099,19,9,25
6934752659,1,28,37
2604511548,5,13,7
1944858831,5,6,9
3631425744,17,23,28
5152863840,19,3,23
7198467565,9,24,12
5006165813,8,18,6
5116245662,19,25,42
3043528287,16,2,16
2568427857,3,8,50
8571220662,4,1,1
7962853930,17,22,38
4431895927,12,17,8
8234732921,8,7,13
6596967004,5,27,4
4958704931,18,27,20
1003084236,13,24,47
8717078600,6,12,2
5447116095,7,1,2
6152930904,11,17,1
4415854993,3,27,32
3640608168,15,24,48
5531766149,10,20,39
3816801737,7,10,8
7815949271,1,22,8
4825638803,7,19,10
2850085116,3,5,44
9035326465,1,14,8
9780840905,9,25,43
9701408442,13,14,6
8703240711,4,7,46
4366943023,9,3,46
7093977942,13,11,16
8291139511,1,2,4
9445801065,20,23,12
7876362588,19,16,13
6914671758,3,23,15
4141695793,14,11,22
5480709256,1,2,22
1465715205,19,24,46
9297454372,19,15,36
1726590425,15,18,41
2279032295,17,21,39
2908593140,6,7,16
5474213539,14,28,50
4085745404,15,15,20
5463734349,9,5,40
5277603907,16,5,41
7902147437,12,29,11
1226894110,1,27,37
2186274270,16,23,30
6422594801,16,15,1
8064475279,1,26,7
5999095817,14,22,47
3964592399,17,20,21
4599481615,14,19,39
7554560615,13,7,6
6572111011,8,28,29
5420153376,16,30,41
7132773160,11,25,5
3434584955,12,13,3
5017739786,8,17,22
8414991955,17,12,46
1714346837,16,15,34
1880103202,17,1,49
2080918828,6,8,1
8422169360,5,12,27
3705177466,19,10,19
1515582223,3,30,4
8859620278,4,28,30
7342608596,4,8,31
5200337756,14,26,18
7845971032,16,6,28
6695648069,18,17,37
2074058053,1,2,37
6298544300,19,16,35
8854906803,9,10,44
2920139776,4,9,48
6009092505,12,2,14
6999477217,10,19,17
2298176457,19,22,48
3311425286,16,30,45
7670477521,18,21,38
1758243472,13,5,33
5776979503,13,17,18
6729120668,8,24,15
6071054807,10,5,14
2933553790,10,14,50
3816811164,16,10,27
6388694604,20,27,47
6538891443,12,4,10
6542336641,8,10,32
6364913524,20,2,48
3808974090,1,5,49
9093300161,17,2,43
2425526568,14,20,18
2533509830,12,6,25
9629085758,13,23,31
6272457252,9,2,48
8821875614,8,14,42
8582574654,14,11,34
3624851713,11,26,20
7112924458,13,12,38
7624014821,12,14,27
1619422720,12,14,9
6048634091,11,17,40
8543459766,2,17,8
4382496342,6,12,25
7963716607,19,24,27
2149584991,1,6,41
5588619413,11,2,32
2741724192,7,21,8
4075011493,10,24,14
1805845789,14,21,15
2863659694,14,8,18
4603504490,11,20,35
1720687947,9,28,26
9509370688,7,5,35
2728867783,12,19,49
9969848412,13,13,34
6697330755,9,7,8
9179029427,15,1,26
7274208830,15,19,45
2198974054,2,14,18
9098166018,15,22,29
5689926537,10,10,25
5044111110,2,19,3
9158044281,8,22,1
5477430381,17,6,9
1879661560,9,30,37
2968359635,4,10,7
3691894943,1,27,17
2871821320,5,15,39
4620406321,9,8,31
5504981896,14,21,47
8027790130,13,3,41
5509905380,20,28,23
5778202284,18,8,2
2848992275,13,24,19
7687336274,13,13,14
9098253853,7,1,28
7377572901,3,8,7
5624231018,1,21,11
8006744543,9,23,1
7477003118,11,1,33
9825576381,13,9,32
2262257823,18,4,16
9612714658,17,5,24
8447631965,10,18,2
3634072515,5,4,48
3517653694,14,13,16
4551133902,3,15,13
5169089667,13,7,44
1090637202,9,12,30
1424584163,15,28,5
6211296504,19,26,14
7821711545,19,9,41
4870373708,3,25,26
2798044112,8,14,27
8205437638,9,20,8
5804466518,3,21,16
3801645276,14,1,28
7426720519,3,19,27
5848579092,10,26,32
1379241091,11,5,19
2546952189,5,26,20
3903294248,9,15,26
9577557531,5,1,8
8192562514,13,30,4
5518153110,1,28,31
9517260277,2,7,20
5508128971,9,17,29
4963213971,6,13,20
3028623247,18,29,17
8701948237,11,5,10
9702545851,19,21,37
9515647949,13,19,18
3751537820,18,14,31
8797030796,11,23,26
9333154349,11,3,19
4958400770,11,7,35
8230956320,14,4,27
2070159860,20,17,47
6242836265,2,16,42
4284328605,17,28,15
7527597804,2,3,3
7396320413,17,9,7
2644918807,17,20,7
1092023940,14,23,33
5003204674,4,13,17
2119861225,13,29,47
5452360506,18,28,46
8276298278,2,24,50
6016664386,13,5,24
6511957995,6,14,48
2442736093,13,29,11
7391785884,13,15,10
6642036370,16,25,33
6493252873,18,2,15
6305498703,12,7,14
6132455046,9,29,49
8258941587,15,19,1
6657268991,10,16,5
5306729746,5,28,6
6315442173,1,3,28
4068028387,18,19,6
7695183086,9,25,24
3712597029,8,29,28
8510306511,5,23,43
2325095528,4,16,9
8548316102,11,18,18
2366736580,18,26,37
3514477122,14,14,44
9526097908,12,11,3
2451381997,17,22,37
9713205247,20,25,18
8388058506,11,3,45
3754469638,3,2,18
5396372727,14,13,35
5170381437,7,12,13
8293298207,5,30,40
9668504597,4,4,17
2220298953,7,24,10
4473801607,18,27,18
2832408789,10,13,11
4043127302,4,24,4
9700575997,16,20,26
5480631751,19,24,33
2482482187,4,30,13
1871897959,10,26,36
4675665311,10,16,37
1228285550,16,9,11
5838596734,4,13,21
7576950986,16,23,1
6108201787,20,12,16
5021878893,1,3,5
6717989424,1,8,48
8357230384,14,30,6
8735268448,13,13,31
8166668649,10,19,34
2607289693,16,26,12
4277247352,2,16,8
2751917867,11,9,6
8103122501,10,6,26
1559718359,15,20,15
9035153064,7,21,38
3344367514,13,26,29
2859195005,15,11,12
4613657796,20,19,9
7256207799,7,26,10
3805343181,14,3,25
9443022042,2,17,22
4911631078,2,28,15
8573731785,20,21,50
2468853937,16,26,26
8442655080,1,14,44
6765237102,8,4,24
5913624198,4,28,43
5461466268,11,1,41
3407212922,1,16,27
3052940438,20,17,32
2948860190,18,3,24
7693482753,7,25,26
4114937601,16,3,34
9017737933,1,14,3
9917330774,3,17,9
1370178674,3,19,1
3651576495,14,26,17
4229727720,20,26,17
4598602449,9,7,20
4094921661,18,23,47
6308483664,12,30,13
5409101198,1,14,47
9271438427,4,13,25
2883282212,18,9,36
5035553183,9,23,23
2207130865,3,20,45
4626068330,13,28,25
8007468955,14,9,33
8023615386,14,4,37
7722267388,2,9,31
4223396441,17,19,42
1873084110,20,29,34
8474783601,12,2,29
9425597963,1,16,10
2007930031,5,8,6
7379320242,11,22,40
6739902631,8,1,17
5791755005,4,23,9
9827957345,7,28,2
9233064254,16,27,43
3325294233,1,17,44
1676731328,5,2,32
7634001696,12,28,29
6829145159,4,29,38
4426463739,14,30,39
4699190014,10,18,16
4677187158,8,19,33
7407582365,8,5,1
3992479613,5,28,21
4548562338,2,30,33
4914012055,16,19,7
7509441434,6,28,48
8771688047,15,13,8
8773809734,2,4,12
6948974053,8,28,2
5452917890,14,13,13
4002890892,10,16,48
1394779544,9,11,2
4988415681,16,25,22
5106640504,17,6,11
1425733506,2,6,46
2043361304,13,12,42
4246488631,13,9,29
1945940016,12,20,29
6224860904,6,12,8
4012015767,12,13,48
2287921470,20,9,29
9140793942,18,27,26
7461592230,19,27,48
1097387067,6,1,4
4704380163,1,21,1
6998189904,2,9,6
9867212267,4,2,45
1640385968,18,14,4
6205411810,5,23,7
1297903834,12,21,28
3539272533,15,19,33
3025724134,5,22,15
6017728821,19,20,14
4738955423,19,5,41
6229727821,5,7,45
9728090806,11,19,38
9682557020,18,27,37
1320973330,18,9,20
9076712389,20,12,42
2694684742,20,20,13
7147887767,16,22,22
9220944387,13,6,39
8017606415,19,14,15
4397023471,5,2,13
1934411539,16,18,12
1067792010,6,6,6
7226024182,12,23,41
1684635967,17,30,10
4558375226,6,15,13
3304879710,19,21,23
5214030976,3,22,27
2301907826,14,21,11
6621512654,19,14,45
8452769056,1,17,6
3350408040,3,12,13
6079882160,8,3,15
9185304656,3,3,35
3763028101,8,19,14
6255047707,2,17,25
7633033538,10,13,35
6123829422,16,29,29
7492146530,7,3,45
2664338635,17,13,20
6701274404,1,9,19
4749190994,9,1,49
4266465814,5,13,23
8521695316,13,5,6
5950964582,5,29,26
8075218687,15,6,36
6080058680,20,7,45
6083165962,2,27,37
4359745665,2,8,43
8031246945,1,19,15
6170230479,13,11,4
4726463165,17,20,22
5854062243,12,17,26
6944175959,11,7,2
4592967811,9,4,12
9980904115,6,8,20
3816900855,1,25,3
1474757256,7,10,35
2936358504,14,24,1
8359331843,2,6,28
6550411692,7,15,47
5380905304,17,17,1
6671245185,13,6,16
2072326733,16,22,48
8244611016,18,19,38
8867330697,10,9,16
8007825275,3,2,49
1433357525,14,26,28
6698133215,15,11,26
6594597201,8,14,39
2340963888,8,18,36
9391780941,17,6,25
9176679943,20,1,44
9066830691,16,5,39
4038280637,14,12,3
6932468447,8,29,26
7545296731,1,26,42
1919792708,13,13,49
8682897630,10,26,5
5141862064,6,9,32
2041410844,12,16,21
4545661939,14,14,23
5075329358,8,21,26
8505416548,12,13,11
9717784284,6,1,44
2626498009,15,14,23
5277084108,5,15,8
6033088772,10,13,18
9522814447,10,4,49
6079286037,3,11,18
5033893103,13,7,50
1935878192,2,25,25
8362569800,20,13,37
8550563705,20,24,9
6566270660,14,24,5
9780082886,20,16,44
9438815833,1,30,45
5613360699,17,18,12
3309462025,16,21,50
7174540053,19,19,13
4266917052,4,27,14
7420194016,12,20,15
7515111968,7,29,40
5358693897,9,21,35
4171610223,11,1,14
8755704599,14,4,18
3026325229,6,15,12
3741248077,19,30,19
1458640888,5,7,19
2122317371,10,2,4
3928624312,15,16,33
1016677617,4,15,31
4986613832,5,19,47
2219306610,18,21,11
6800622277,7,17,39
7189112904,14,17,8
5721445284,14,19,21
7499933226,1,30,5
5762650276,11,22,30
5253489802,20,1,6
9238851027,12,26,33
1945871001,12,6,17
8408609169,20,18,16
4215261602,3,10,10
1448267736,13,3,15
5305228930,6,14,3
7514790205,3,17,2
1505550046,6,19,41
5885465494,17,7,41
6253945620,18,19,43
6889552229,12,20,29
6916676971,18,27,31
1872300461,19,24,12
9884821676,20,20,30
8153939643,2,7,11
2395666727,12,4,14
6356921517,14,26,37
8033579342,3,24,23
5308622928,2,29,8
3577845667,4,4,4
8276863728,13,3,12
6448511894,1,4,39
6563536540,8,17,41
8171275963,17,10,17
5761929111,1,18,36
3849806728,18,3,30
6610163333,7,9,21
3762564225,10,14,15
2240212136,16,8,13
5877979834,4,26,8
7793083771,3,15,15
9056336688,7,16,9
7911929842,2,12,49
1626157363,3,7,47
9729604346,11,3,42
9431992856,13,28,18
2011234246,10,26,50
4751476478,5,13,40
9985141637,13,18,45
1560267929,13,27,41
7866351850,8,3,5
8479514874,20,10,6
5683145869,12,14,4
9202209654,1,30,11
4192879650,16,20,4
3005629753,9,3,9
7737083455,10,13,48
1078476381,6,14,25
5618465236,13,2,42
8920504030,20,19,20
7489129653,11,5,30
2593708166,6,28,20
4120646512,16,16,43
7081525729,6,23,31
9791858053,14,16,49
6093099079,6,29,17
5866349496,13,15,21
4469220657,6,8,28
5932961280,14,29,26
3585770634,18,20,33
9783618417,18,16,48
4375175488,6,20,7
2062079799,6,29,41
4097773625,13,2,19
8975835135,7,7,23
8795821182,15,5,5
1562865026,7,16,4
2257886916,8,1,2
1255394105,13,11,15
1344104858,12,24,15
3136845490,6,8,41
8980716758,7,26,34
1699196983,11,7,44
6922965675,10,21,30
1396367027,12,27,19
9957320218,3,7,18
2869885062,13,12,19
7382680730,19,21,27
7215769408,11,26,38
5961138452,8,15,1
3594948472,16,14,47
6246648017,5,6,37
2086125601,5,23,28
9079659745,5,13,32
5365217542,16,11,32
2585148361,7,28,37
8659285679,9,13,17
7199141354,20,28,8
1713919124,10,23,48
6082648218,13,25,27
5667967806,7,15,17
3883710197,3,28,9
5854568144,16,4,12
6609140093,20,10,10
3572103875,15,28,42
1824847065,20,24,2
5545578823,12,29,26
2811505441,4,16,1
3413378732,12,13,11
5017190710,3,10,24
5331191556,17,27,41
3685756873,19,1,1
3811450371,6,3,12
4941668457,5,24,46
2691512436,12,7,46
9733929645,8,30,46
8118016475,14,21,27
2927027003,16,23,44
4511420138,15,1,8
2479359565,15,15,21
1816182722,17,2,47
4787191886,9,29,30
8918732198,20,27,28
4457862521,9,20,7
1748878042,4,24,21
1851264346,15,27,9
9722970092,14,2,48
7074473976,10,10,50
7354806638,6,1,41
7522499369,5,10,8
1369379393,8,17,46
1001854376,16,8,21
2224602709,15,28,39
7352278493,1,6,41
1834940749,20,3,38
1191979981,12,26,13
5072584127,5,4,7
1059014667,20,3,49
7086952026,15,19,47
2725151902,4,5,47
4888242530,17,29,34
3026804472,11,20,8
7336991447,16,19,19
8414700430,14,10,50
1715819685,2,18,32
8164682633,1,24,35
4990258615,1,25,11
2201309377,16,5,24
2097676113,6,23,38
9571345691,19,28,36
5833977525,10,23,21
2096792242,17,19,28
7535550141,2,27,11
9798585211,1,13,40
2127943476,1,24,12
8674458115,7,3,44
5645020788,14,15,33
8221757241,15,10,32
6335063585,14,9,2
3879818564,15,20,22
5222941717,1,23,2
9688377077,9,28,3
7562094751,15,17,50
3024048533,15,10,31
6294201518,20,13,35
7455572896,2,23,23
1206176979,6,6,32
9369018125,20,1,21
4725301213,11,23,11
2485503605,11,15,38
6444170431,6,27,33
8287229574,9,27,23
9063636304,5,13,21
9473450844,16,15,25
4940826553,12,18,13
1317317796,6,4,16
5744172161,9,16,23
6458438985,4,20,42
2306819753,14,14,20
1018541863,7,9,7
1081229312,11,1,23
4176407866,12,10,1
5953499290,7,24,13
9599400529,2,18,6
4358758489,7,11,46
8927866149,9,24,29
2234938905,15,14,45
2317878856,6,28,41
3275251385,12,23,26
6552189130,11,20,46
7420056815,6,11,47
9662610944,2,22,32
1915570661,11,29,47
2999172749,1,4,48
7964403934,19,5,33
4669123600,19,24,49
3824536424,18,5,48
1977314616,15,17,23
4438629691,10,21,35
8861984864,2,15,3
8268828595,4,10,15
9844100222,16,8,14
6909056042,3,26,3
4357301838,13,22,19
9673218371,2,27,43
4112824272,19,13,41
1820943324,12,30,30
8146610805,5,29,2
4523296954,8,19,4
3692002898,20,9,47
9846401055,20,2,46
4084691027,19,11,3
6082591794,3,24,25
7254898931,5,13,9
3562981055,16,23,41
2128432752,8,2,10
2043134811,8,1,20
5781339687,7,27,39
1972737604,9,28,19
2630265355,18,4,17
8021947067,12,19,18
2747790586,2,22,10
5239535528,20,30,34
1754515354,18,28,23
8556914294,12,22,29
6709724813,17,8,31
7006646370,9,14,45
4311289282,13,26,32
5839496690,15,14,40
3862471150,6,17,19
8113866130,14,2,22
9606989210,19,18,17
1014529448,12,14,5
1438934191,12,18,25
7406302115,10,11,4
1534235914,1,18,29
5852428076,9,11,18
4522682574,2,23,48
8091902430,4,6,16
6207008081,9,15,41
4766081293,19,20,48
5595305099,5,19,24
6768062191,8,16,15
6366041028,6,15,31
9331469706,13,9,41
8258756132,2,11,14
2206443418,7,29,9
1238344283,5,1,35
3653505255,19,26,23
1043340302,11,12,23
9334878041,3,6,24
3416364344,14,2,9
9690349025,11,25,46
7658036239,6,16,24
3973670619,6,26,47
5622226926,10,27,2
4218205889,20,1,38
3368555887,1,12,6
9383250679,15,14,32
6597974795,14,23,44
3607272532,14,21,11
5010589553,2,25,1
5641011413,18,21,12
7629780825,3,13,6
7215513889,17,26,18
8304549923,12,14,39
4893688727,15,30,26
2552679489,1,23,45
7242448650,8,13,22
8782520678,18,17,5
9275586889,7,12,13
9229618966,1,14,4
8695140933,2,9,5
2596412355,14,1,3
8581089577,12,26,17
8523358494,16,4,10
9313663680,11,10,18
7384677717,17,6,4
3349463482,17,25,43
7090716943,12,10,17
1348382399,9,22,31
1271149904,7,28,4
2867314261,9,29,37
9423930965,16,1,44
8880452268,1,16,27
6068979097,17,3,36
1125884670,16,18,15
1190648153,3,25,24
5991575878,19,28,27
7777098107,9,29,3
1406681900,5,28,18
1405838834,16,10,25
7524985046,11,1,33
9024836509,16,28,47
6601855082,12,17,21
9538337542,6,1,25
2124442930,19,15,5
6312860781,6,18,17
5830139400,11,26,20
5168965382,4,3,38
5521149023,17,11,2
8651156319,10,25,28
7550457747,9,29,20
1862482469,16,30,41
3475606737,10,19,5
3197019081,12,5,47
9223709977,9,26,16
1067072733,17,27,5
1277774555,3,12,39
3556937742,5,23,24
5951951736,18,15,46
9616776169,5,1,42
1184382168,6,7,29
9927542309,5,30,38
8101951732,2,15,37
4515400602,16,13,20
7274270583,2,24,13
8415766811,4,15,50
9535434893,5,27,40
1019956986,6,19,6
5642698163,5,4,27
3774818772,10,3,22
4190908218,20,19,30
4187905134,18,6,6
1839337548,7,11,31
8812455218,9,13,4
2981419592,16,11,13
8546157413,8,8,32
2512154829,12,4,34
5958515323,16,25,24
1066793472,15,25,2
2962009912,16,11,23
7431006829,11,24,40
6396751948,20,12,10
4842477645,10,15,50
8816501552,19,24,39
9131323860,7,24,50
4870756602,19,8,17
6447884670,5,24,25
3220363984,12,2,36
7875109625,18,18,39
8237353089,10,17,9
2556361166,3,2,45
6547044287,2,16,22
8141388124,17,9,14
1707557541,18,22,22
8671342646,1,9,5
9984576583,13,6,33
2049662287,2,16,13
3205347061,15,21,8
7172629260,16,5,28
1785506826,14,22,45
5694716198,20,7,44
7964579041,14,29,3
4922414531,16,27,27
9706054126,11,8,50
6675866424,12,24,19
7750753952,1,9,39
2185010740,6,9,7
2055667694,11,16,20
4045774399,18,9,35
4145736808,4,1,24
7443829720,7,3,26
3194351460,17,17,43
9024551787,7,4,35
1891705611,16,11,42
8126880218,20,7,9
3280001205,15,24,4
8616784940,4,4,44
6326690127,16,28,26
9232942649,1,5,16
6541464397,4,23,15
7767555682,20,13,50
4795539562,4,16,17
5651513672,17,18,28
4096804694,4,2,3
2162767618,5,25,45
6587389245,8,24,19
2765914347,8,9,39
8185646898,3,10,49
7844882717,8,27,29
6762466628,6,21,45
7287365024,12,3,25
5041477034,15,22,28
9824773027,13,27,25
6085155799,14,11,13
4638866756,11,11,7
6570755129,7,10,19
3329587271,20,1,12
1797929937,5,16,15
3007132416,10,22,19
5458405805,19,12,10
6258152157,3,29,6
4875502152,5,28,4
7843018264,5,6,24
4423045096,18,16,47
9465670305,1,19,7
4561713510,14,11,15
1057419998,3,25,49
5283250778,9,24,4
1769896506,2,17,47
1567026537,8,29,45
8729065172,15,12,15
6774150434,16,16,16
6450196673,15,2,45
5571024550,13,4,44
1025681605,11,28,16
7191831523,14,15,39
3470778656,17,11,14
3210107156,15,29,32
2834058243,10,28,40
7963274556,14,23,24
6735312859,12,6,3
4305635249,6,9,3
4677246964,9,8,49
5918985265,15,15,2
5777384044,5,15,42
7653288639,14,2,38
5543698567,12,27,20
3279561096,4,12,37
8162791359,14,7,6
3183146442,12,26,34
8342936614,18,20,3
6733642137,4,2,22
2308496312,7,19,44
5319771638,17,10,35
9224189623,19,11,10
2259046938,13,22,43
3254225053,19,13,19
8636388141,4,15,27
2763084928,19,1,40
6570860215,17,17,14
5074233020,1,14,45
6909325547,18,9,45
1658181280,7,11,17
2833968339,10,20,28
7170104370,4,24,7
7589918690,4,1,49
9706879113,9,5,44
5414250946,8,2,33
5540935283,1,2,44
2101236164,12,30,25
6211482740,20,24,32
1643033487,6,27,2
5050647103,17,11,20
4738537017,18,7,50
2308699420,20,11,1
3629669901,14,24,46
9460933412,9,23,28
3815759118,19,15,35
1018193168,4,25,28
4529495155,12,4,4
5546350895,1,7,47
9096409680,12,30,9
6928699855,3,18,15
5112391349,5,18,43
1367296733,6,13,34
1524654849,20,14,21
6059411916,1,21,17
4551498115,18,15,40
9047517578,5,17,47
3343735130,20,15,24
6039292592,19,1,3
4795688728,16,2,41
1132503207,3,23,37
9818097383,18,22,38
9721234966,2,18,15
1338236039,13,18,28
2853615694,6,11,39
4600680191,1,4,7
3503355686,9,6,43
4985852942,16,21,42
7610380798,8,12,44
3261105213,10,8,47
9819977177,20,15,2
9510675939,15,19,6
8650784258,2,11,23
9141677212,16,9,10
8497340367,3,22,42
2046577080,9,15,36
1473269870,18,19,22
6343837223,4,6,14
1298214354,20,12,16
1213945770,17,27,49
6815936542,14,26,20
3339401911,4,28,33
8867120992,14,23,48
2615855341,6,20,6
9636845283,8,3,10
1965320265,16,10,43
6078334726,15,28,23
8102779085,1,14,18
4606608456,1,3,37
2758694221,15,1,24
6194129271,5,1,40
8743063437,7,5,15
1235767352,5,6,1
1136518852,11,13,8
6779903389,4,7,33
4903071647,14,15,13
5850620390,14,26,43
6259922679,9,29,31
3499816035,1,9,13
5165578314,11,2,48
5056224326,10,7,40
4232953295,8,25,36
3929500097,9,19,38
4163162297,19,20,42
2457275950,18,25,48
1504609535,17,19,4
1296293175,11,14,21
1229787941,16,5,35
1273960297,17,20,10
2409190647,20,11,41
1489108174,1,18,49
5067483263,2,17,1
2841745068,3,24,29
5736399626,2,6,9
3382111841,11,28,36
3116443338,14,5,45
7043902534,15,29,21
5228900343,9,20,41
3046618762,3,15,9
4847366354,14,22,2
9437131300,8,13,22
5315623584,2,19,15
2098872763,11,7,10
2143633540,18,3,24
3003960318,15,6,10
7713983743,7,4,38
4170354695,19,27,18
7350303655,3,28,43
9276530021,5,16,29
6202896356,3,17,13
3335600381,10,23,30
9799575123,19,27,43
3777841913,6,19,7
3475924386,13,23,26
3099209442,18,7,48
7564032776,2,18,22
5365381260,3,10,24
6950470098,6,7,50
5236793487,8,11,11
5315079214,13,1,39
6613222533,15,10,5
3377360587,18,30,3
2415013046,14,24,30
1864771927,14,11,20
6332531997,14,2,36
2240354292,4,5,39
7755639946,7,29,44
4432648855,12,28,8
2447141856,18,30,36
2041954055,1,9,45
2827963057,13,29,40
7781716381,7,3,34
5705908310,18,8,47
6746136180,11,5,7
4518572080,1,28,17
4106308360,1,9,12
1375078396,11,22,43
2812862477,3,3,43
7769818169,10,19,3
8554789986,8,14,37
8615522010,14,26,1
4359335746,19,12,49
8277862559,2,18,3
9256515970,12,19,14
9516906140,13,4,19
3817567876,7,2,37
2067702977,10,18,10
1193205011,10,8,45
7891875073,8,18,22
9211956043,19,13,21
1564087870,14,28,25
3346239740,20,23,49
4894793981,15,22,43
9211351323,18,7,46
4603542423,5,6,49
7623381385,2,25,36
9447531973,12,10,13
9588123104,10,15,37
2112023845,19,2,30
9268156506,17,27,10
7648497343,2,9,4
5341246344,5,21,7
7399678785,16,9,40
9595699157,18,18,27
2256624210,9,25,19
3674281507,17,14,50
7275769459,19,14,18
5347760602,5,30,40
5202744916,5,17,9
8883745442,4,26,46
5793521597,18,23,38
6326821823,2,7,30
3714083834,16,24,26
8242501541,2,23,17
3047457492,11,5,12
2153158099,13,29,50
9124736049,7,20,21
7792822904,18,9,46
9869787878,2,8,1
1426177156,6,17,47
9538406342,1,28,49
5345669723,19,15,32
6249483373,5,16,3
2269758600,20,4,35
6104046232,16,27,2
3176914684,1,30,31
1474408700,12,20,6
4393542821,18,29,1
1795589165,8,5,41
3803004485,11,22,46
4669803608,5,11,21
5728129060,12,23,29
6906816261,12,18,16
9295904435,15,13,28
7189276466,1,17,43
6024597290,20,4,37
7324992416,11,2,8
4930302068,19,4,33
4188094905,6,15,22
2902110296,16,18,50
7075989752,20,18,26
8751389908,12,17,9
1149889479,2,7,38
8850767443,6,17,29
6529930239,9,20,35
1754083388,11,6,20
8996752108,14,27,26
3118853817,7,14,32
5787079730,18,22,13
5399413573,16,11,27
3870855659,2,20,17
1109726369,14,11,22
1173997073,3,2,9
4586750350,12,11,49
5888765463,9,10,7
8198910292,5,22,10
2006877937,1,4,7
9444634329,10,6,29
3497892353,1,2,48
4865310013,14,9,3
6186162172,19,10,23
5105573620,17,3,47
3173247786,2,18,42
5976300137,11,11,35
6551189524,1,14,15
4325355305,9,17,1
7724279729,14,22,22
9624221544,5,25,18
3113947793,10,27,31
8229416479,1,23,8
9653889781,15,22,36
3713043661,6,8,22
3972724998,20,9,15
7652642893,3,17,50
6205599598,16,11,44
2343121223,14,11,35
8932472710,6,9,25
5375824989,11,4,45
5779408568,8,27,49
1385617879,12,21,41
8936230373,8,5,30
8195284231,13,8,37
3415735571,4,10,6
5343863478,12,12,43
1841050423,18,3,35
2260996283,9,30,16
3951028698,20,27,39
7088578473,6,14,24
8392156647,12,7,14
4323666194,20,27,19
7420329141,9,12,16
1733663494,12,1,29
5022185162,10,9,3
4784916259,12,1,5
2172727389,4,4,44
1266910694,5,3,11
8203675722,3,12,3
6952558853,3,6,37
2207891063,3,28,40
2272785364,9,10,43
2784069986,4,4,45
8555297428,5,19,25
9287831175,15,7,33
2601134227,14,18,22
7614782973,8,9,25
9787636968,1,28,11
8018285369,14,20,45
1046810349,17,11,46
5470473127,3,21,22
1526578895,6,1,48
3120791711,4,13,37
5142946327,4,20,23
5995399897,6,15,22
5527484182,11,12,34
7145911407,18,2,31
4677268118,8,29,23
7683238027,13,17,3
2751177430,20,11,9
9104834384,17,25,21
3771625372,18,27,13
9319480701,5,23,14
7496441280,12,19,38
4421183063,9,17,46
9184572127,15,8,19
3771867702,11,29,30
5948607161,11,3,19
9201108841,17,30,41
2842230845,16,29,39
8239544834,1,25,26
8876750520,13,19,6
5732155616,16,11,7
7000409001,4,22,36
9160059768,12,25,33
9194897168,18,5,47
7523324445,3,1,42
7040960208,19,19,7
7429096309,11,4,2
9833666689,13,28,12
3272984911,9,28,18
6290749362,14,16,2
5083599278,7,29,47
1192297383,11,7,7
9001085044,17,12,15
6318821061,13,15,25
4729021994,15,21,18
8130451667,4,27,42
9189483221,7,8,39
5123224682,2,24,37
6257727637,3,13,44
7048068301,20,10,9
5659101796,6,17,16
7400973898,7,7,1
1598485224,11,3,13
9560263174,4,1,21
1053297272,15,28,9
9251154805,8,13,32
2647178872,6,27,47
8969381858,13,27,16
5471976321,12,5,13
7722955757,9,7,19
8949564362,15,27,3
4546087545,9,10,41
3366423958,17,14,11
5883128606,10,14,40
2597383121,8,12,9
6954944124,10,9,16
9984878328,20,30,18
1750616072,4,5,34
2699064920,6,13,16
7973055331,1,19,19
2528142038,8,13,26
8848245525,3,4,19
6496559151,14,2,3
7533925648,13,1,10
6384135644,17,23,17
7948287941,5,25,11
9836340811,19,5,41
3839587495,13,14,29
3627752418,5,22,33
2939667278,3,7,20
1758142814,18,2,15
5534244761,20,22,23
7090669493,7,15,16
8999214882,20,2,22
7268453698,20,5,23
2683254001,6,23,1
9732108649,5,13,17
5503104028,4,25,27
3427830753,4,26,13
4677873698,17,15,50
5414504795,18,22,47
4407722081,13,28,40
9620978861,15,4,47
1027004488,8,19,43
7955648443,11,23,1
9466509358,6,5,15
1111141610,11,11,45
4057971592,7,22,1
4130451305,20,6,7
4576161862,13,29,19
6140407993,13,8,25
8305486470,18,16,30
3706761748,8,28,47
9416164408,20,27,26
8837563069,11,26,34
5559691064,3,13,14
6165845468,13,28,47
1742875298,20,2,15
1536027078,13,18,13
7248601015,5,26,35
9739002091,1,24,49
9450332535,5,15,1
3407880940,6,2,8
8562868281,5,14,17
5282280853,3,14,11
7982945854,15,6,34
1674766979,16,7,40
1587650043,15,30,9
4323865289,9,7,17
2988701844,5,18,35
5322085418,4,15,25
6114200824,2,7,2
6605975156,2,17,38
1314928233,14,27,50
5740004216,1,24,47
6350178996,12,11,43
2211862159,5,17,49
4433661671,14,20,47
4983194485,4,10,46
3936032475,1,7,45
8836652425,13,5,36
1149612357,1,6,9
5620373027,10,23,20
3251950823,14,11,23
3773769152,12,7,25
1887069169,20,2,8
4976149602,17,10,20
8892901270,14,1,27
5883042927,20,6,8
9564258435,2,15,34
2871876699,5,24,2
7506164122,17,14,42
1458017621,7,20,44
4845635997,6,20,40
9003138515,11,1,29
9588494579,9,15,33
1175730405,18,8,42
1515518792,17,3,10
2030385938,8,4,29
6438189353,7,7,38
9878456818,20,24,26
9957070869,9,8,39
7697285537,20,7,42
1700109266,14,13,21
4801871448,4,26,17
6170033938,6,16,9
7453528091,6,25,35
5355098726,19,18,16
7405179847,7,30,6
8318076298,13,2,44
1774025187,8,11,18
8699661731,15,5,19
3688797698,19,17,41
6006028816,8,30,4
1381391934,4,20,17
9734431154,3,3,22
8648803617,2,12,43
3219889986,19,17,32
6697503715,16,5,14
9311476338,12,17,27
9983966714,19,16,48
2263697544,14,24,40
1357194334,9,15,40
8846984102,4,3,29
6586069259,15,4,37
8229764722,9,3,47
1114507001,11,16,31
2695100453,5,11,16
5239607609,5,28,13
2497600836,4,5,18
5753720079,13,5,11
6122529445,18,26,3
1258844574,15,2,18
8886735690,12,28,28
6838873094,20,23,5
4943953341,19,27,4
8364864427,1,18,28
2820503328,19,20,38
4683421854,16,11,10
9239553706,13,23,26
6828525814,8,12,42
1014508532,3,10,37
9366419106,3,1,45
2480338277,9,24,18
5482369605,18,13,8
5723292377,5,25,21
4953816707,14,18,4
8344631672,12,3,22
2211388866,7,5,49
6900251003,9,7,3
4109226257,7,18,18
8377164689,15,25,41
3698758673,3,6,42
8524763639,3,9,4
8016807540,10,22,17
4502947417,5,25,4
7959908303,20,7,49
2661071007,8,27,31
3366787835,20,3,16
5886373933,8,24,15
5193673878,10,22,18
8088273325,9,28,2
5149074002,12,14,39
9923538285,14,26,18
1781118457,4,7,18
3030072956,19,9,8
4969488881,7,11,26
7391594383,13,28,1
6526508926,17,5,1
1519953018,3,14,32
6859767923,2,4,35
5108883908,11,22,29
9559917338,15,9,10
2093547059,5,2,41
9776605455,12,6,38
5666520097,19,5,44
5577280632,4,2,12
7611757459,16,27,43
5601869808,6,8,24
1974381053,7,8,18
2932016174,7,16,5
9695186872,16,23,9
1588737111,10,26,42
4298491933,2,28,30
5722015907,16,19,33
4829011857,10,2,19
8549253169,19,25,36
2837446776,3,25,6
7286191264,11,22,42
1199582932,13,14,20
5698109078,10,3,29
7074713150,17,13,47
1712271753,9,28,43
1830672417,15,9,38
1387118614,2,17,38
7358874506,20,3,29
2967988474,17,14,28
1098729710,2,12,21
7556238784,7,25,28
4798303066,5,27,33
1070690931,1,12,4
3678174583,17,10,6
6270126639,19,22,44
7261270401,4,7,30
2919442503,8,30,22
6049584768,18,12,48
4623662600,8,5,21
1071169812,5,7,25
8306064635,2,6,15
3051754281,5,12,47
6374962870,14,29,11
9538073472,19,19,18
2333283340,6,8,2
6313569404,12,20,46
1628565507,2,21,22
1875754965,7,30,7
7570458333,12,20,28
2219133536,17,30,34
8913902079,18,6,45
4029692665,1,7,8
9157872415,14,2,27
1905586303,15,17,41
4226472723,15,29,15
7421400609,12,29,47
1261218019,10,24,14
7752205771,8,21,30
7846943879,5,28,34
9450449773,10,5,11
8894916817,9,27,6
4760297918,1,3,39
8374465790,3,24,23
8254885367,1,16,47
8614410190,13,4,15
7006191465,1,23,15
4986499641,20,15,12
6224697989,8,8,43
5569483155,12,11,8
1268460774,10,1,33
4335934255,2,3,19
2740338082,16,6,14
1190339335,11,5,45
1362235349,4,3,5
2486532475,16,20,20
2339338412,6,11,19
7924311154,20,30,50
7342582745,9,4,48
3364532778,6,25,38
4654915157,5,8,40
4907210455,3,28,19
9249168870,11,14,14
5146877548,3,21,8
8549203918,10,27,46
4175536479,4,16,6
5431981713,11,29,32
8677913024,1,1,45
4987701603,2,20,18
4214830468,16,9,13
1283395916,10,14,35
9370957738,14,10,48
2676914722,13,29,24
2199935580,20,22,33
1683461454,11,20,4
3599083236,5,8,47
7200332341,11,9,24
5613921471,9,6,33
7663854279,5,12,40
3126786358,1,24,22
2885529977,2,18,46
8033445736,10,13,21
7980203452,9,4,31
5168017798,16,19,20
6328761739,8,19,15
1141090949,16,27,29
4314686987,12,20,16
5420638512,6,16,39
3896611505,17,22,25
3577728784,15,9,13
5980464980,13,20,12
6519356124,10,13,26
4433265201,2,7,47
9762149644,1,11,8
8354700572,11,22,48
8682949032,6,28,24
4921749305,7,19,29
6117661138,10,20,26
6919502607,17,24,18
5921130514,15,18,38
7452373288,20,27,29
4117276845,7,14,12
4067862556,4,13,21
6694210613,8,9,46
9117256402,16,3,48
9496043106,9,8,14
8343621768,10,25,21
7845925678,13,21,7
6462739001,10,12,5
3460623410,19,17,13
7536551536,13,18,17
8510867026,3,19,18
3194754337,17,15,2
5659294058,6,12,33
5270768315,4,12,5
7091874723,10,24,47
7877409500,9,10,24
3405299399,20,5,36
9968926771,20,9,28
9155542229,20,20,23
5397504434,9,27,7
8845663816,6,27,29
1826462006,3,28,30
2915585509,1,16,16
8204230538,9,24,34
3461544190,16,16,27
5015661839,5,18,2
5801704164,16,10,44
7848748844,20,16,37
7953371612,19,16,37
7026103724,3,5,7
1490956105,3,30,25
1708848501,12,15,3
4183421012,18,4,26
1406996517,11,23,44
6145295142,6,10,4
6137239859,7,11,21
8749300427,9,2,24
9600753549,7,30,34
1832137445,14,23,9
2245857338,10,16,44
6261418792,4,19,34
1283428121,6,27,12
1441110807,2,28,9
1221248887,7,26,48
5498323415,3,27,10
4504319743,1,1,7
2798861980,5,19,46
7347657115,16,23,24
9631024019,10,21,34
4201556441,2,20,25
9856764462,6,26,27
8694044176,19,17,42
1653925233,16,13,37
4217110295,15,25,46
8962393004,16,8,8
2310270058,7,22,39
4529547032,5,15,26
6313068795,18,28,26
3519130069,3,10,20
7044508417,13,18,45
7512809134,13,24,34
3187830543,8,1,19
8427288693,17,22,8
6297150885,1,29,9
8000641276,10,2,6
2823235642,11,22,22
9796222883,7,6,23
9830374869,10,6,49
3196480142,6,4,22
9594829616,10,19,15
5498588911,10,3,49
8285692249,13,20,47
3006702901,7,20,20
9441722248,3,6,24
1950961917,6,20,16
3997863067,2,27,37
4565672728,13,23,19
7784843390,1,27,28
4815368618,19,28,16
9776328846,12,24,24
4298304329,3,29,24
9679947846,2,29,28
9876571509,10,17,22
1461981921,12,2,42
3649222118,4,10,4
4183729758,17,6,11
9608592520,19,1,28
4664627322,6,23,48
7701182598,16,23,31
7179177041,6,25,19
2844413321,12,9,9
1299753695,16,15,34
4782505720,11,23,18
3787153418,16,7,50
5153771159,11,3,6
5376911616,1,24,2
8881077737,8,25,6
7076307794,4,28,26
6763857583,16,23,14
6619089338,17,28,39
3416467954,16,3,28
6932675122,9,4,14
7799395942,12,1,34
5688104835,15,26,4
5902690528,16,15,10
1386254041,2,12,37
1718931527,6,21,22
3318960802,11,14,41
9482682181,3,17,31
1535601523,13,22,27
7096372520,11,3,44
2917605376,12,1,39
7383360978,1,24,23
2234410124,10,4,3
1130564324,6,30,2
9932274838,17,11,23
5092769107,7,3,38
9461204121,8,10,17
4324824209,6,29,3
9999832230,6,11,27
8441660723,6,22,23
7682330411,16,6,43
8182608935,14,26,21
9054313927,11,6,30
2723373999,11,15,39
6820153233,2,10,4
2987632866,4,1,26
6135026371,6,16,30
4821084997,14,3,11
3887942273,20,27,41
2604432871,19,30,3
6362039077,8,21,33
5781498646,11,29,36
2609265329,2,23,40
7988387744,6,19,9
2132568336,18,17,3
4127815481,1,21,26
4424366059,10,23,5
3693091992,12,8,35
9700451082,15,19,31
6676053842,20,5,22
2678842456,3,22,34
4613561176,9,7,19
8006968904,14,25,45
4854125981,6,1,32
9459456729,8,30,23
1405183969,1,3,48
6758523588,11,2,34
2891855687,8,16,34
1333890195,10,4,30
1717946371,4,24,48
3345000784,4,29,36
3959645964,19,22,1
2222117882,5,19,47
5549623581,5,4,6
6163428403,16,16,1
5811434618,1,14,7
3786988169,9,16,32
8771799877,7,27,40
2718551273,9,21,38
4513102768,9,19,37
5639263173,6,25,46
3019472231,6,12,46
1554577986,8,16,17
7807822535,12,20,26
4598403162,13,19,21
4265611302,12,23,32
6645782468,10,29,50
2628826526,5,18,9
3645611543,18,1,19
6550189907,11,1,17
1178492977,5,19,44
4551826414,9,10,49
8587100138,20,11,37
9998074644,5,28,4
2493785960,15,4,18
3958904400,2,2,36
6567074237,10,16,3
3642668746,10,19,30
6378352747,17,24,16
2515431463,3,15,50
2329163231,6,11,2
4294104856,10,8,7
4495033149,12,4,7
3770141150,6,14,24
8469106655,18,8,2
5226089395,12,24,11
7052793928,17,15,29
4247312878,4,30,21
3450150778,3,9,44
6030156709,15,7,11
3084412825,19,27,19
1706675522,10,9,36
7172269951,5,17,45
2216818279,12,11,1
6294051741,6,2,48
2561876030,2,15,31
7591294117,15,13,15
8483214899,11,11,21
2875799987,19,12,8
9772237618,10,18,38
1071706414,20,21,45
6050182573,16,28,23
4575725723,15,14,1
2188363521,4,30,50
6417589457,4,19,29
8711693865,1,23,36
3646936768,7,6,6
8201005434,10,23,37
5733319185,14,19,31
9500376766,4,12,17
9062142526,14,5,15
6593212019,4,8,13
3923407910,11,3,3
5287186918,13,19,48
5703439975,18,24,1
6046534345,14,17,10
8273430013,11,12,50
9321398347,3,11,34
1446414592,16,13,39
3425050685,12,6,15
5118775955,10,15,36
4530328220,17,1,41
5920190870,18,5,43
8982510073,16,29,12
9305168574,15,17,28
6739163732,19,10,44
9544011782,18,25,32
3338008599,16,4,37
4639081510,6,22,30
5898192480,2,21,22
7222217180,6,28,42
6411168889,13,13,36
6873035815,19,3,12
4473948161,10,1,37
8741946556,15,9,42
8405583626,7,12,3
5740045269,11,3,37
9561335182,16,13,50
6237117771,11,29,11
4404783381,11,3,4
2568655930,8,23,37
4673478408,16,29,40
2675823785,5,1,31
1240594327,17,6,20
4753706163,4,12,11
8211221345,11,27,21
3978256647,7,11,10
1026281870,16,7,25
7373183152,11,29,25
7676447738,16,11,46
8664061923,17,21,25
3343332229,17,16,4
9948768674,18,11,8
6940022183,7,9,5
1955439886,9,23,48
8949290615,3,28,30
3367444338,15,19,26
1611155883,4,6,49
8754151717,3,19,41
7730803388,12,22,50
5669715505,4,28,1
3516168127,14,9,12
7396426309,6,27,7
7166147633,4,6,42
5939549763,12,5,46
7897913542,8,7,47
9561295708,11,23,38
8128119997,14,16,14
1885458157,13,13,30
8150021773,13,2,39
9891450531,14,2,29
8580719853,3,7,15
1432473845,16,13,12
4140792767,4,24,25
3387174435,2,5,1
5069897512,2,6,1
9466827738,13,26,41
6809956138,8,17,43
4705588446,9,24,28
9296635431,15,8,11
1083430431,16,2,9
4920530697,1,21,18
4219974321,5,14,37
8807414166,2,28,31
5538209813,11,22,17
1451902728,1,7,45
5943320658,15,17,16
1265411241,13,16,6
2385101436,15,13,28
3012760095,19,18,21
8045681279,2,5,31
9433969657,9,11,27
1005532252,4,19,14
9474574436,5,25,43
1342615321,15,1,21
4893796253,15,20,42
2586829774,12,28,22
3146126208,11,5,45
4463888107,15,16,45
9994903620,6,20,43
7738143905,8,4,17
5141095432,17,19,36
8579506568,9,4,25
4293102900,3,18,19
1090651155,4,9,39
2599292363,19,10,5
7262721903,5,29,5
1050853604,12,24,37
6130697179,8,20,24
8420422457,2,21,16
8689338416,8,24,47
9325138992,6,3,35
7421259484,14,25,48
2081660026,15,21,45
1856399889,12,1,5
9389049615,9,5,30
6398021688,11,23,38
3141037659,4,1,36
8069647404,13,20,29
5692689110,18,30,32
5501586117,11,4,22
8060267248,20,2,15
8536545959,7,6,19
4086235077,6,10,21
5285694874,13,27,49
7284927732,9,13,26
2920964567,9,26,6
8773913899,9,21,18
7806948568,1,21,41
3897794240,18,23,37
3244232820,12,4,50
4207566449,2,23,44
6126228944,1,5,22
6695510343,15,3,24
9847937638,11,19,3
1258823403,12,13,31
7552914172,18,26,11
7119276798,6,11,44
1103259633,10,15,1
5848703979,11,28,32
9988686040,6,18,29
3892939332,15,21,5
6604376515,20,2,34
9750918617,17,24,10
5158445114,10,23,36
5694178381,1,12,24
4110690171,9,29,21
1479578510,19,17,47
2357519117,4,8,43
2247668766,10,26,33
6219618081,14,2,24
2434842607,18,9,47
1164724022,19,23,26
8657721834,11,5,41
2293960441,4,1,19
6125298487,20,2,48
6925430900,18,21,44
6474773101,20,3,5
8217503619,7,21,25
3063187539,15,19,12
7801997861,6,10,33
4160860789,13,28,39
7590696914,2,18,16
3145813312,2,25,3
2954694952,12,29,3
4593487401,6,20,9
5559318264,7,6,29
1497623930,10,4,24
5054732928,2,2,25
7555764021,17,10,42
6254459171,9,18,30
2094258273,7,9,13
9390605088,13,26,28
3550306531,9,12,35
5729775791,4,17,18
9845106837,20,13,2
9914368607,16,6,21
5619346606,14,9,12
7112970509,1,9,24
1786125030,17,10,32
2214421695,11,23,9
2289789725,16,1,14
8786733736,19,11,47
1988231617,17,14,4
7208228808,5,27,40
5647803518,3,28,50
8648448053,6,8,19
4888700895,5,28,9
5088488325,17,2,40
3885391038,14,20,8
1212986043,5,12,37
9718432494,17,5,6
1225148659,12,4,21
6621026015,13,11,10
3395198300,16,1,31
6250834915,12,26,10
4529712988,9,1,10
6193510432,15,24,12
4983256474,10,8,7
5249946062,4,20,25
7067817519,2,6,18
2978401192,2,13,15
7767312595,13,20,8
6588192431,7,7,48
1716096358,12,25,33
4255621871,8,2,18
9449295247,7,19,43
7874183612,20,1,50
1897501688,4,11,37
8518797968,12,6,21
5759620746,10,14,29
1762512955,9,1,7
7439121125,12,2,18
7602370295,8,5,41
6038271570,14,29,45
2606140353,18,20,48
8909188369,2,19,32
8394968172,4,17,28
5776970182,7,30,26
2283433946,4,19,9
1567944649,13,15,7
1752846430,11,19,18
7162128119,12,14,50
1658393922,14,11,46
5564287453,13,19,34
2673143953,14,26,22
2650449467,12,11,37
3460147918,15,12,7
1817866721,16,10,36
8997470618,14,3,18
7321641114,8,11,43
1339663425,13,4,33
4768387354,19,29,19
8668472461,6,9,43
7881935983,15,28,4
6440317379,4,7,21
4734027877,9,12,36
1022887329,1,9,13
4036870769,18,3,49
4140969504,6,8,38
2344110888,13,23,32
5031884995,13,1,1
7148913268,4,21,2
5659849928,1,28,34
5544672075,2,22,45
4940681203,18,11,26
9149140223,12,8,39
9376643962,16,24,32
9200209716,12,23,25
1659001110,3,26,49
9449410553,19,29,28
3977017158,9,5,33
3984120161,17,5,22
2142160777,4,23,49
2719336294,10,24,49
3065989766,15,24,9
3576147527,19,16,40
8946364783,19,22,35
1276746858,4,22,27
2432653074,5,21,5
3056622191,20,9,6
1520583301,5,9,9
6892504332,4,14,35
7539218173,14,24,14
1876175012,10,15,48
8909396827,6,12,44
7226512822,3,4,32
1010162296,20,8,32
1932884598,19,22,10
4782269339,2,12,36
8339831478,13,18,32
4805967636,3,3,45
1253440371,11,20,45
3315110087,11,28,20
4486372891,4,4,9
1681461017,15,24,3
9646220592,4,16,43
2917890425,17,21,31
3674444420,20,7,37
3372073070,11,17,17
1678364528,13,11,48
1996727705,14,20,48
5110103935,1,3,47
3073917792,11,8,17
7571244958,2,22,29
8886035165,9,8,29
4290792851,16,24,20
6818964095,8,7,34
2787695555,12,22,42
7010440670,15,23,14
3790541405,20,15,14
4864630956,7,28,4
8488708253,4,11,41
1925603698,10,29,13
1325761557,1,27,21
6502305367,4,9,36
6171705618,5,8,39
2203733895,18,21,14
6195004395,20,27,10
4910955723,9,21,23
8219038273,13,3,30
7875229409,10,9,50
3385606993,19,19,43
8376738583,16,10,27
6764937147,14,17,22
9415325643,9,9,12
3542280150,11,4,6
1132463040,12,5,40
5297913499,16,20,16
2076628600,16,13,37
2509287082,9,5,44
1943048368,19,16,39
8609967027,10,12,31
9704125069,16,12,11
1268597515,16,14,36
9930277454,8,26,41
8428574516,4,9,1
4266887468,18,7,43
4899360358,10,8,45
9808887790,19,3,49
9768398126,17,14,49
3436167682,7,13,29
8942640535,18,26,11
3140011180,10,10,14
3759548530,8,11,26
4541059095,14,18,13
3915481337,13,15,24
2290913554,9,26,27
2010386023,18,4,15
7443867113,3,6,42
6583209698,17,6,11
2801860840,16,5,46
1222207654,9,1,1
3365487010,12,7,9
8088453846,16,3,37
6392042464,20,20,24
4716612618,10,27,24
9356719606,16,1,19
8556890293,13,27,1
3235394154,10,8,48
4823547442,14,12,44
5293405731,3,13,28
5327970753,6,10,16
9050964960,7,19,15
2377756949,18,18,8
9035557359,8,4,8
6492596712,12,22,49
6665284470,19,14,49
3709168156,11,17,3
8740415685,11,15,36
6370253411,1,2,41
1704892397,2,7,28
4514756546,10,9,42
9844334865,7,17,22
4361427502,10,3,19
4283075313,13,17,22
9814805448,5,24,15
5246243958,15,10,16
4564539368,16,12,29
3079319841,8,12,24
6734780902,20,13,30
5483472988,14,8,5
1124857412,16,4,4
7137992750,20,11,2
8540934020,13,4,12
7910138808,11,28,47
8160988192,11,10,38
7285572084,19,25,40
1284184544,7,9,10
1853123433,10,13,47
2881065526,5,3,29
9317406495,6,2,21
1229572017,17,21,2
3118982342,8,28,16
1503224583,19,3,6
3780710817,5,16,31
9105994469,17,2,45
4753413006,1,18,32
9316029519,10,16,34
1246625478,2,14,49
3192053662,16,17,24
1300101480,20,19,24
3163721484,9,11,42
2273629057,20,18,19
5986872475,19,1,46
9674180963,15,29,1
3046548122,12,19,17
5784853525,7,13,44
2691411839,17,21,13
6134364256,11,30,47
5008308267,15,15,38
4213029701,18,12,20
9287195827,7,25,4
5244190913,5,13,1
8300939837,10,30,25
4728097399,9,14,27
6901082351,13,18,41
9449929028,20,27,37
2423732361,3,15,21
4615779633,11,11,14
4187064121,7,20,28
3586549474,6,4,49
9202425006,19,20,4
7537019247,8,19,18
6396367821,15,8,13
8232331713,15,27,27
7252661213,9,23,28
5944196458,19,6,34
2156526944,8,29,28
1043278506,18,20,34
4513629773,17,25,22
7636026916,16,26,37
7028668254,20,14,11
7384711297,7,27,33
6863800607,15,21,48
8488033350,20,19,17
2108251988,14,19,9
4037331799,9,19,36
7467056439,17,1,22
9538384365,7,3,8
5814782170,10,15,28
5885575361,18,1,3
2859980550,18,19,20
3950627535,9,23,47
9589112766,5,13,29
7879649800,1,10,42
8266477716,2,15,50
2267456294,10,12,37
8333403313,20,28,3
6350351385,16,1,40
9755204294,11,29,27
6762684032,3,9,9
7411354036,5,7,46
2643436062,1,8,33
1890464922,20,26,41
7677677423,13,2,39
5733616644,3,25,11
8245486492,12,24,33
7052451218,14,2,46
6710682321,4,8,20
1768985394,12,22,10
4060062297,3,11,5
7101297320,20,22,48
8589306319,6,5,42
9257419600,4,12,2
3132860295,3,28,12
8809533195,9,6,30
8584304607,6,8,37
3293602179,1,28,32
1614217526,6,24,27
1164783404,4,17,25
2137993197,1,8,25
7095957669,3,30,3
9751158270,17,13,44
2233687319,18,24,44
7411907737,15,28,46
8942322581,16,20,9
5330509335,13,4,9
5777150755,1,24,47
1595291472,2,15,9
4628653294,5,6,33
3580346380,14,16,4
2277382067,20,30,6
3764378566,7,27,49
8950005736,10,20,24
2432077572,5,18,14
5533916668,19,22,26
3355549347,12,4,24
1407785219,13,30,45
5389654290,1,7,48
7142767627,1,16,2
5996805659,8,28,49
5506304879,13,22,50
6455607203,10,30,13
5373334631,11,10,47
6315277119,8,3,13
1080871428,2,1,7
7747053169,15,8,2
7948593788,17,12,42
9686024780,4,5,33
1648035581,7,23,15
4542398115,2,16,27
3328688710,19,24,29
6878521104,6,1,12
6522979707,16,28,20
4226434433,7,25,20
7249452645,9,30,35
9207989611,4,26,13
7260608434,3,3,4
1893987373,8,28,17
4387534047,14,7,31
9076257858,5,11,45
1614693092,7,14,31
5242554940,14,23,13
2969148308,12,25,26
2307615475,20,21,39
5756105122,16,28,40
1769875066,20,5,42
1284225367,5,17,7
6854783366,18,23,44
1365213780,4,10,50
2388268184,5,2,29
2701208864,11,27,47
8617910837,12,7,47
1989467906,19,3,20
3388008968,19,17,43
6344089523,2,6,14
3653871571,5,1,7
3745197373,19,20,22
6392498739,10,23,44
2832306655,17,21,16
5774757782,1,20,39
4542844364,2,2,41
2062427162,10,24,18
8819221685,12,10,17
4128720033,2,25,47
8817904990,9,13,45
7429922581,13,9,31
7588108363,19,15,27
8897561231,7,6,46
3033578374,8,30,37
4542185955,20,26,20
2426883563,11,18,38
9495555113,10,28,16
8917782149,9,19,37
8459836646,14,24,2
8164949632,8,5,37
6453846390,14,9,31
6713379414,17,27,6
1033610867,14,12,23
6242043140,2,28,47
5340156269,1,9,35
8610375812,8,8,40
8999558015,16,1,21
1455635001,8,11,22
3978068219,13,4,9
5456489885,11,4,2
7835644317,5,10,49
9216296526,13,11,3
1130889602,10,19,48
6311171308,9,15,35
7466637617,11,10,43
3232091596,8,30,46
5245179798,6,3,24
4097862537,19,2,38
2116586898,5,18,49
5647035110,11,16,23
4790193562,16,27,44
5496790011,12,21,13
3603641266,16,26,34
3821131110,2,19,49
5792279391,19,7,13
8002963898,6,30,5
1282738861,16,22,46
5953246198,10,11,26
3067643916,7,18,8
8862673804,17,29,7
8978917822,5,21,31
5428993125,20,29,50
2053270412,13,7,21
8183138803,10,22,18
6939454174,12,20,38
3020367285,5,29,10
6304146052,8,5,39
1437124295,20,30,10
7457059625,13,12,20
9303044301,18,30,26
3882248037,18,1,16
3976547289,14,16,40
8204174910,17,2,34
6445118884,20,21,37
1580675845,4,13,14
4129908566,2,26,36
9714881213,1,17,46
6244501410,3,17,47
7364594677,16,9,46
5062709223,17,29,14
2270353467,20,16,34
2064648469,6,9,24
5419787958,6,10,15
8412084307,17,3,40
4861702657,20,19,50
5471014971,10,8,17
3366975198,1,13,5
7653476446,4,5,24
8112284956,12,16,14
1471034458,12,25,32
6729752361,18,14,15
8662170847,1,19,49
7027643989,11,21,10
9306065561,1,28,24
1098484092,19,2,43
9266979352,15,10,8
8241389659,20,28,45
5046837218,18,5,45
7725540812,10,12,11
2902904528,1,19,11
5001316484,19,28,37
5813362252,16,28,1
3561363703,9,9,8
1515332066,19,24,19
6316933616,1,26,50
5328895875,14,21,16
8214449214,8,18,19
5393834713,16,18,4
4249399911,7,23,42
7752094120,12,9,28
9500357104,3,17,46
9335476254,18,1,49
3952826586,14,23,23
4783482444,2,28,42
4761517315,19,10,14
1933836266,7,5,49
1655812002,6,25,39
9090045942,15,15,45
7717744862,19,28,34
1065472083,5,30,39
4127436682,7,12,7
8057299008,10,19,15
7477147628,13,6,45
1498452926,17,23,26
3757790117,2,26,40
6879145327,18,24,9
5913299546,8,10,22
8815516996,8,7,44
7106461916,18,12,11
1194051508,14,2,43
1868752277,15,16,4
1804720713,15,16,38
5719215919,7,19,27
9649971450,9,24,43
4340008321,7,30,10
2286187510,11,16,47
9361460269,11,5,3
8065869605,12,23,30
6493557599,1,1,31
2991165639,17,30,4
2367738364,1,4,49
2256249512,4,2,7
2927592804,4,28,37
1591625015,10,29,11
1765981580,10,23,25
3441841736,18,13,14
7027696855,7,10,17
4876626639,14,18,32
6840408075,20,21,36
5703217479,18,12,41
5175588751,14,24,29
4226877339,5,21,36
1858421760,19,9,15
4173559065,7,17,50
9553377677,2,19,43
3643172490,2,20,15
6454158477,1,3,47
4741022656,15,16,3
2193910796,11,7,6
2963248364,5,28,25
5238790186,4,27,12
4948163863,5,12,36
9522675339,7,26,17
9769914878,13,7,21
2803513715,18,5,33
9562349045,17,13,2
7919192561,4,15,48
2289280699,11,29,10
2946922457,20,27,50
7631510932,18,11,26
1996800090,8,27,20
7582474249,15,27,46
7633594916,19,1,10
4542975478,2,27,13
4413076486,3,2,35
7994391810,14,7,1
8229172896,16,6,43
2288975472,18,7,35
2389262642,4,8,46
1435448544,15,3,45
9667178925,17,22,40
9116795052,5,5,4
3327775870,7,20,5
4911415876,17,18,26
8318641771,4,25,26
9469963574,9,28,16
6420537817,5,12,25
8603475697,10,12,30
1246251828,14,10,4
4258639489,8,13,39
1906095417,17,21,4
1919101632,4,2,39
3738334785,3,4,38
6548377230,11,14,22
9459431729,10,24,27
8315779736,16,18,5
4395302444,13,30,42
7742792690,14,29,26
6848679938,13,22,48
4317263837,13,17,35
3976646584,11,16,8
4364605110,13,18,19
6809594858,4,29,21
7469697787,20,9,27
2002740408,17,14,40
6119891243,18,27,32
2142354717,2,22,47
5517463332,8,9,41
3841454794,12,4,30
3287935234,19,5,1
2689015761,19,11,15
2269274298,11,8,35
5225089080,8,23,22
6598939918,20,26,32
1044166585,11,17,25
4723527690,6,24,18
9012872293,16,14,17
3229032566,12,14,23
7913579307,6,9,13
4618986447,18,22,46
1577577810,18,6,41
3028508446,2,21,25
1690034470,2,29,37
8606491146,9,26,15
1063385903,13,4,11
2797139233,14,6,50
5373281117,19,5,12
4618003941,1,27,17
7809580559,4,9,8
6982554440,8,14,4
6133353032,9,6,48
8227476314,12,1,14
8311406552,4,2,50
4505495990,9,25,40
4269154125,11,16,45
4200204007,7,22,8
3833709271,7,12,40
9556853919,5,14,24
5594488519,8,5,25
9779402568,5,6,39
6722415890,3,21,2
7864904263,3,30,2
7884768260,16,19,21
8264634322,1,18,1
7831075707,14,3,33
6063418452,18,22,21
4357380038,8,13,34
3310616808,20,23,8
5068742190,1,27,22
8654154714,18,16,35
1103570890,10,20,14
5699312629,4,14,38
7869424010,14,16,28
9975450976,6,27,11
4883535778,20,30,41
1626571373,14,30,33
9405203719,10,14,41
7947003500,1,20,1
9508457053,11,18,6
1494002146,2,12,41
1052622764,8,9,28
8847803251,11,20,8
4472459168,11,23,10
4463160819,3,26,42
1358035293,7,4,42
3285737648,14,28,42
5145191316,3,27,39
7117635006,15,9,16
2172093108,9,4,37
5263977707,5,21,42
6496961329,15,14,17
4903029923,9,22,39
1114234353,15,27,48
1262592497,2,9,9
6513102583,13,20,24
5092148346,1,7,18
6703003327,18,9,20
8661670516,9,27,11
7438743251,9,15,32
5127483237,8,5,17
6607189340,4,26,30
9155110670,18,22,35
3810154840,9,6,4
3534911710,6,14,21
3948939384,20,17,44
8181853357,5,2,42
7678089708,2,22,9
1715588471,19,30,12
9019445371,14,26,39
7720195315,17,22,21
1214292696,12,3,21
1863626036,7,11,6
1876429882,6,26,49
5103468996,10,29,12
4915515411,11,22,11
7224033725,5,28,44
5371563767,16,23,43
4701547152,15,18,9
9494462530,9,29,4
8105938643,10,20,39
6365845270,18,22,22
8654176524,8,29,1
8530779783,10,28,45
5513977674,4,3,23
1571976717,11,22,46
6767003687,9,28,46
5303094030,10,15,38
8175321072,1,8,21
2721104460,14,20,25
6679682404,5,19,21
6497554375,20,17,5
1247020965,1,12,22
5490224844,1,29,33
6080443230,2,28,6
8727394363,6,4,25
5983101008,19,29,12
6403625157,13,1,2
8410815779,19,14,26
9941161313,8,28,40
5654779296,16,19,2
8330982359,10,2,18
7595142801,15,16,33
4371838562,3,5,14
4306305608,8,6,47
8779023303,10,29,9
8564352604,3,2,34
6546101520,14,1,50
4240018322,12,5,40
2499534324,15,15,5
6875754102,1,8,36
9084548859,3,26,37
4380008589,16,18,18
6278134426,20,26,29
4573330418,9,17,36
2332851807,18,14,16
6443477050,2,21,8
3492697380,15,17,35
2687811079,4,19,30
7421384738,11,25,33
3080363106,20,28,12
9451928891,3,24,19
2996769785,8,6,48
5842248844,13,17,42
4943237177,17,21,44
3115972284,12,1,35
2612462503,8,1,41
3896771491,12,16,42
4739472864,9,14,22
6077281339,20,21,3
6747147894,15,19,42
4437654585,5,16,6
2513946915,18,25,1
8838801526,9,23,34
7400517909,16,11,12
8109724092,18,27,1
9247817191,5,7,48
2025817748,17,22,28
1289801434,10,25,44
2317245917,4,2,2
5239502437,15,21,24
9263239051,18,11,49
3255657714,4,6,28
7786096705,3,5,10
9679804115,20,7,16
4914426509,17,30,14
8816924450,15,27,26
7083029314,1,27,27
7692990579,13,13,17
8638092208,13,8,2
4440533482,8,18,23
6489282470,20,13,41
1783068171,3,18,1
9303720687,6,23,27
5907667418,14,11,21
5042581803,12,9,20
6784835073,3,28,28
2508759168,3,14,29
9535913970,5,4,28
4009145152,6,29,21
1094189228,20,20,25
4116827790,17,27,9
1686930098,6,11,22
4586813525,10,2,5
2302504597,19,15,27
9252688433,5,1,47
7966131407,7,8,37
2966207322,17,4,36
6837334080,6,6,42
2277981703,10,6,43
7667908564,13,22,38
6127216351,13,22,3
3891920283,11,30,50
2426895204,17,18,37
5874727030,15,28,41
7546737365,15,10,25
2812537621,1,1,48
4765609341,15,9,14
5686619579,13,23,40
3909986793,8,24,14
3244197237,9,7,40
4712657419,18,2,12
2678048037,3,13,44
6721457948,3,27,33
5947244403,9,3,31
9774665313,10,4,26
1603461583,14,21,3
4763785673,7,14,23
6700567249,1,16,46
9443550916,3,13,21
6494028919,2,19,28
3620680202,3,23,36
9821388766,15,15,1
8425337158,10,9,45
4417969805,20,23,29
2607614101,4,30,33
4463083446,12,4,45
2215391284,4,12,38
4965819931,3,30,7
9488922634,11,2,45
7022016903,11,23,33
9980435724,7,29,21
3535013815,2,4,21
1464933971,4,29,20
4295574248,18,25,41
7843138053,15,28,36
7891620593,7,2,13
7194701486,11,11,10
5091164239,15,16,24
1703943132,17,25,11
7555851915,3,8,46
2898084283,4,14,17
9793137093,2,13,5
8947871361,19,2,35
4413063698,11,8,16
8321010597,15,15,2
1692139298,14,14,39
6436850432,17,14,1
5563432415,18,20,50
4946758630,4,6,34
1141103091,4,5,12
5155175598,2,16,14
3065661351,17,11,2
4501689849,3,14,39
5586822116,12,28,12
5058737716,13,25,49
9136554240,1,4,13
2438078665,18,4,44
9378483168,12,1,24
1090156375,11,16,45
4227087009,12,10,11
3745068481,6,14,39
1886099842,20,13,30
1001849976,7,4,7
2640513518,10,13,45
4584195012,15,7,46
1165909976,17,30,19
2642849266,18,23,28
4869409481,14,11,11
7285865023,7,6,47
8017149034,14,30,37
3789526819,8,20,40
8283511978,12,15,48
2905996238,18,16,35
3271278007,19,16,45
9993695322,3,14,44
2060500202,3,20,21
6847585761,5,27,3
5603575854,9,20,48
5998567944,3,24,22
3965097775,9,25,23
4057469170,11,11,40
4888146319,5,10,19
9031764376,14,14,26
2506578158,2,18,47
9706905671,13,14,26
8085626281,18,3,26
7417334989,18,22,14
5216170893,18,20,48
1481984918,11,18,28
2479761057,17,27,32
1333913218,1,8,11
9123612053,17,29,45
3858204237,8,10,49
1672054986,18,12,23
2062680658,12,6,13
6182825578,13,21,7
5874143376,12,4,27
4108142591,3,30,43
1299725514,3,27,15
1525876345,5,24,40
6566427922,14,16,45
5574630941,13,10,18
1345725594,15,26,49
6391639033,2,2,36
4266041904,15,16,28
4923000763,19,29,22
1869073763,13,10,41
8444948670,2,14,50
4892777137,8,10,33
3919511046,14,12,36
3600175298,5,11,11
7428808601,18,15,6
2750173344,10,15,28
1785695854,9,29,12
2038477684,5,2,36
3040795853,10,13,24
2914656564,10,5,3
7844567127,3,29,40
2288892336,20,22,29
2735815195,4,25,32
8302054418,18,29,41
8799751553,9,10,38
2959615545,4,24,39
6310211762,20,24,29
8026627830,1,16,25
2868401532,13,12,19
7507524465,12,15,42
7894905853,20,10,17
8703970072,13,23,7
7190733896,14,1,32
7777847699,10,20,44
5194503872,5,26,1
7158987974,7,20,5
8225068621,16,24,48
9518752890,9,20,49
3253475950,14,16,25
5357043229,20,9,47
1394381082,12,20,45
6665541247,8,7,44
2005617121,7,10,32
5111008299,20,2,38
1295552751,11,13,26
5962712485,1,17,46
7355311297,15,28,12
6862855647,4,29,11
8344123828,19,19,22
2564150141,12,9,32
5113397385,1,23,12
4642604861,13,27,42
3847352842,11,1,16
7429040923,20,1,2
9419926590,6,8,5
1397967449,18,6,25
3713771619,17,8,39
6771001893,4,22,36
8108432461,18,27,8
5835758276,9,26,8
8239264644,11,26,25
8518056409,19,13,48
4136935911,6,28,50
8306499274,17,23,16
6598226554,15,8,2
1833351216,14,23,45
3279456442,7,3,46
3370221626,16,2,17
1574194814,13,17,46
4678523345,12,30,10
9040136036,18,11,22
4359390249,20,3,26
4531725587,14,26,28
5076098650,17,24,48
4230824551,3,21,10
4871972349,20,27,4
8323510741,13,6,40
5789777260,10,21,43
5046614050,7,26,46
5150418314,9,12,34
5326257813,5,25,8
5706315049,15,17,23
4970987133,6,17,17
9743864023,5,2,5
5225893578,9,13,18
5437864590,6,10,22
9277447262,12,13,34
4212088823,6,14,17
4386968655,8,24,18
3544704030,17,2,30
5244230648,8,7,7
9293948816,20,6,37
2819123885,17,16,8
4606542804,15,22,42
5489250625,20,7,48
8066765289,13,4,45
6621836354,17,27,43
8457769236,14,10,3
1226772588,7,24,19
9995404736,7,4,32
9927138962,10,18,46
5360612796,7,5,39
4445794810,18,24,19
9677621594,1,30,17
4192977964,3,14,8
1625829142,19,15,12
8824203239,9,12,27
3583309919,20,7,37
7576352068,8,19,25
3359903470,8,12,12
1511939346,18,30,9
6324311291,10,13,2
8097674543,18,19,4
2327587159,2,20,13
3224965657,10,29,10
1082100685,12,2,44
9823326385,1,19,10
7735076187,10,14,16
1919265095,6,4,48
8797774696,10,20,43
4339437036,19,7,25
2941329717,20,19,50
1890854973,10,5,34
8163411162,7,12,10
9606410267,19,28,5
7441069290,12,16,1
3069216308,4,18,8
7812858407,18,23,15
3009623674,2,9,17
9615878209,7,12,39
1088122403,11,29,30
4172383534,5,7,11
9670748759,11,9,1
2999369550,6,20,31
8476671639,8,23,2
2898486405,18,3,21
2479151468,13,25,47
5570430914,2,21,40
6474582581,7,20,22
5820605166,20,11,26
9815946573,19,30,14
2335467586,19,9,2
4583722935,19,19,4
5460392246,2,7,2
1310422369,8,24,19
5167012055,19,4,1
9112412285,16,22,28
8163828701,3,2,17
5746650078,10,21,23
1968146893,7,30,19
9560200623,16,5,24
1627738998,9,1,12
9733683969,10,1,43
5698175786,7,22,34
9454449008,10,21,43
2608519492,14,26,4
8797194701,20,2,34
4058931649,4,8,5
8071241604,2,27,6
5040230318,14,25,7
6673877372,10,2,30
2933457704,8,18,36
3634099476,5,19,48
4276878452,14,18,18
6767233181,8,14,21
2221289373,16,22,25
1385990401,20,11,43
7467766525,11,24,13
9900665155,19,12,24
9494965028,9,16,9
8977714444,14,29,30
1898069222,5,7,37
5022510327,8,11,22
3463448427,10,22,34
5210369321,14,3,46
4152615117,18,18,35
3797047009,20,14,1
3918851124,7,16,35
2898758015,14,22,39
3929144606,12,21,21
2223798438,20,3,16
6163224231,4,2,8
4180893504,8,4,11
3390605341,3,14,21
3293241585,12,19,6
9849132016,4,27,2
2040703450,20,21,49
4548881477,12,27,50
8901310955,11,18,14
3884442155,3,7,17
1490381564,1,14,41
6232066473,7,11,1
8864402066,7,29,19
4071700295,14,23,30
5522598381,9,5,29
5587753942,7,19,26
2924669553,3,2,39
3408796439,6,18,37
9406070454,17,25,50
2532655955,16,1,18
8675809487,14,22,20
4974042110,19,22,36
2919859134,5,17,14
7418722364,15,4,1
4036311361,2,30,32
7987853484,6,23,33
4223727883,11,27,50
6194553294,13,26,42
6004140578,6,25,11
5501969109,16,4,3
7919390041,14,12,4
8497021196,4,21,50
6282702102,7,21,43
2262273429,10,4,20
2379168160,10,6,31
8025063926,17,20,50
8826031284,11,25,13
7825917359,3,18,13
1647882601,11,28,29
5063409882,7,23,8
8732424871,1,19,26
5776978284,11,17,40
9490143542,14,26,45
1748104753,7,7,13
6811537414,19,9,10
2485660538,20,5,26
2760487524,18,24,38
3155808445,5,17,49
9021719439,19,19,5
9903971696,20,7,24
7238323531,1,20,28
4921821111,9,7,30
2583398666,6,19,27
2516601457,10,17,41
5301811680,11,20,10
3206762253,10,8,35
5139014439,10,24,45
7786631041,4,2,32
7673853790,15,24,28
9677524848,17,5,37
1417646537,12,5,31
7416533175,9,13,33
2175400720,20,19,44
6465428879,9,6,11
2812088289,3,11,4
1247351602,17,25,6
4751537147,4,11,6
5938522046,13,15,11
3646439102,17,8,31
6254951082,1,19,1
6650519602,13,16,1
2614212310,20,23,34
1488143988,12,9,13
4280497029,12,20,23
6912826872,1,4,11
6442156465,10,24,40
4950236360,5,23,9
8827454724,4,6,18
5897608073,16,27,46
9551727884,9,19,21
6823489854,20,6,12
8473412361,2,26,1
8410041561,19,19,2
2945787877,1,21,50
1333696415,4,30,18
3689483891,1,12,32
2837266978,20,11,45
8140890178,13,15,34
3656004311,11,6,33
9917362001,4,1,18
1738792611,11,25,12
3994447609,17,22,4
1964101143,2,12,40
3272516317,17,2,37
2424422729,20,1,50
4976957259,17,28,29
6238542109,7,15,19
3235401765,19,29,41
1739667997,20,1,18
9571080013,2,27,15
7238509545,10,24,24
4203258077,4,5,47
4085405566,11,6,21
2571259368,18,20,42
8565585004,1,11,49
3993065258,17,2,10
2816729757,7,7,2
2431738420,15,12,38
5832160785,4,5,32
1492831594,3,10,30
8317832049,17,20,34
3990408877,13,25,32
9172398539,11,19,38
6604730420,8,3,6
1774636555,10,11,5
4657039761,18,24,36
6569456642,10,8,43
7876556872,7,22,3
1220690901,1,21,46
3131587045,4,15,4
8798787911,10,30,38
1555563597,20,6,16
2170747089,10,25,42
7730720020,1,18,20
6318477098,9,21,36
8781731724,2,21,37
2931945882,13,22,31
6679983908,8,8,22
6265631598,15,18,38
6837058049,6,13,5
6155825734,19,23,12
1538591332,10,19,36
9014972897,19,17,35
4605866398,11,7,1
9670370264,19,20,10
2428786306,12,29,4
1141105325,13,4,36
4068822462,15,6,45
6262688293,15,27,33
8478040638,1,15,7
5828195509,4,26,2
7307379502,13,19,36
7616877121,10,18,40
7374695552,2,26,4
5324124881,12,8,2
9609393531,5,17,40
3995792023,18,6,19
5185818113,18,9,21
5371060712,15,1,29
2595778490,5,16,22
6363437056,3,27,40
4342257767,6,29,49
5077138644,20,22,25
4171408685,2,10,21
7324628336,17,20,13
1631328230,15,28,17
4076011948,2,28,5
3612693202,19,23,14
9996235241,18,8,38
8782592491,10,19,2
3066077176,17,23,39
1125412492,17,20,15
8512498269,18,19,7
1348497696,1,3,3
5298294619,17,27,20
9302161510,7,30,24
2183496596,2,6,36
2451224855,12,27,32
2660167473,10,24,28
2256871353,20,10,9
7562353220,3,19,24
2969427983,6,21,35
4280216526,2,30,7
5126172599,8,28,17
2406527309,5,30,37
2940996965,11,9,33
4694624933,2,2,12
8329683147,18,29,24
2583130626,9,2,45
6129969229,10,14,18
9855568210,19,17,39
9632077646,16,12,17
2867226654,8,15,45
2891138853,20,2,7
8699817121,12,1,42
5428673408,11,24,19
5262385147,5,25,48
6864195867,19,2,21
8309745044,18,14,5
6205984023,14,2,25
2240005315,12,22,5
2111816378,8,14,42
5374418521,13,26,48
6844535707,6,17,39
9335524455,8,27,47
3517025544,11,9,1
9178880804,18,2,26
8865605733,15,1,44
1909621420,3,4,27
9355635064,16,6,1
2355230134,3,6,39
8364823445,7,15,4
8666954393,20,29,25
7955756755,13,15,49
5398925150,4,3,36
5912205531,5,16,2
1383009816,10,1,30
8334376353,16,11,36
7306540904,18,28,17
2070050281,3,30,2
9361880735,20,29,33
9771749289,9,28,35
7706495896,15,29,32
2853509540,1,15,2
7175833633,11,30,1
1100491066,15,26,46
2800342364,14,14,16
3440140341,14,3,46
6300402190,14,13,35
8140638381,15,4,49
4684218229,14,4,24
5977488122,16,23,43
9953105859,10,5,31
7252109233,1,14,31
2449957363,19,5,22
6131569483,1,20,28
1778250008,6,25,38
5179002686,19,27,12
5473955028,2,17,50
2903238359,14,11,42
9790220623,14,7,9
9207925768,13,24,16
8853287073,11,27,22
1632289069,7,30,44
7651861496,6,27,43
4438603225,20,23,36
6162831226,6,18,47
6966805812,16,13,4
8625211407,6,28,50
3040677439,14,23,14
2425908085,17,13,11
5444535204,17,16,44
3909476341,5,27,42
6231059695,16,19,39
1515817701,11,23,47
8836376216,14,29,3
8225548748,11,16,14
5918154506,14,21,3
7094715194,4,10,48
2482393887,13,19,40
4425827556,5,11,1
1359026978,19,3,19
9129367039,8,14,11
5633274478,14,2,4
4334249593,14,15,34
5938268130,2,5,10
7693653785,6,24,19
1058097803,17,15,6
9163667186,3,5,27
9352829886,12,9,39
8088076730,4,13,50
2426340111,1,12,11
9574893175,2,24,30
2341799634,17,17,26
7135423489,3,15,30
5253526552,6,3,31
2912955202,14,12,50
4764638412,6,10,36
6279302756,7,21,44
1041571967,20,19,16
7286216435,4,19,11
2107049452,11,4,37
4489303674,2,20,44
4086620511,13,5,6
9411792552,20,17,13
2269347599,1,23,27
2747492863,6,20,16
2252473447,5,24,23
5103051887,14,2,4
9110831060,8,2,32
6861699997,3,9,48
8555852188,3,7,14
8940282133,13,9,12
7260312368,14,23,36
3604982072,6,13,27
8911728018,14,15,6
5726287782,8,9,21
6257491907,11,5,41
4611419808,20,27,17
8596656051,2,2,11
3467639264,5,25,9
1005448688,7,2,46
3537781284,5,22,7
5414507180,18,7,49
6086938575,19,5,3
3148330719,2,14,49
1772328652,5,4,7
5244486682,13,14,44
6861612105,9,4,32
7199804796,14,9,4
9769391476,11,9,49
3714150334,20,13,32
5263142212,20,10,4
8500111202,1,2,23
6447922465,11,20,45
9079472356,7,15,26
2825537393,7,27,36
3960014469,2,3,15
7233831383,7,4,42
6680359032,4,12,42
5813024797,6,19,36
2044117205,16,30,21
2054357318,15,26,25
3847000892,10,27,8
5955543794,19,12,10
1863043311,20,18,47
5284050290,10,5,42
2525871220,5,22,29
5811628161,17,7,41
8347602261,1,19,47
7895588930,7,23,12
1366988649,8,15,35
2509489037,11,18,37
6965152990,16,23,49
7545076569,2,4,25
1432601302,18,24,19
7080545251,11,27,28
5425225862,20,17,28
6391507993,13,3,24
9560937177,1,4,49
8910675236,9,4,19
6432600497,5,14,44
1911559832,15,28,29
5488328701,10,6,45
4764433742,1,7,4
3761305552,3,7,23
2207139742,10,17,10
8633056113,10,14,3
4293046486,13,18,39
7380815701,3,13,41
7922569580,12,8,8
6457602736,12,9,35
4906922286,15,27,38
5955175133,1,11,49
9461580555,13,11,5
1908536948,9,2,29
7732646913,12,29,12
9522182417,4,14,27
9182098305,19,14,26
8894816951,8,27,20
5989319968,12,4,30
9707623922,14,17,2
3825703580,18,11,8
6216047480,11,6,7
9914817661,8,27,44
4710008377,3,17,45
3494556365,7,24,9
9424374359,8,9,19
2744161263,16,3,23
2667383254,19,24,46
4021219228,5,10,3
8035109345,13,22,24
8465472129,8,22,4
1578122026,15,1,48
4274176067,9,14,37
5905698729,5,3,4
9513958269,16,25,12
5305998943,15,12,50
9735458258,3,12,38
7131873968,12,25,18
4680402210,6,22,16
5274150482,4,4,24
2119868274,18,28,32
3295891566,14,5,1
1893756740,12,23,28
5404217162,4,22,50
3916064817,7,28,29
4962983381,19,1,25
4693479843,12,24,4
6215108192,17,6,14
7359779400,1,13,3
9083959864,16,24,40
8609405816,10,3,34
2170694769,5,21,4
7583919053,13,19,9
8812222700,1,17,23
9952402957,12,2,21
5121461250,2,10,39
6953232240,14,28,8
6080413348,8,16,10
5539796181,13,16,9
7715517336,18,13,17
6107531317,15,19,36
9348640893,13,12,31
8241279085,7,21,46
3565340822,8,19,31
1868290912,9,6,18
4010930685,12,10,20
5891146277,10,18,22
5755797213,17,6,7
9831114334,4,1,14
4323103007,2,23,10
4996455956,14,1,24
7744576360,15,4,47
5267635802,20,29,47
3887427520,11,22,32
1233187649,20,25,21
7469681411,17,16,29
8062948910,15,12,50
6626461197,16,29,42
1343487022,16,5,11
9544814905,13,15,38
6778445800,17,12,8
9270779944,6,19,4
2771023438,19,7,29
1611782367,17,24,32
8735056836,2,30,46
5724236202,14,14,24
4615378981,11,26,14
8953717967,9,16,27
7199126646,18,16,12
6184358744,3,4,40
6821501942,18,9,7
3089738851,1,20,40
6526190717,19,22,38
8670942080,8,10,7
2248290772,15,10,21
7679712480,19,11,15
3484917950,5,14,37
8848502699,2,23,36
4459641467,17,2,49
9879207396,7,17,21
9282938439,8,13,49
8134616217,3,18,16
4856898773,9,25,37
2547628930,5,16,27
1106447087,15,4,33
1648018814,12,26,1
2300127984,11,29,39
7341805378,8,5,20
5593906916,16,3,7
6547851381,16,19,5
5818412699,15,9,8
1721522730,10,11,49
3051989553,14,24,26
4682164424,7,29,36
3029512228,4,5,13
3584385880,11,8,10
2862571380,2,6,22
3303136866,17,20,49
5866793312,7,4,36
1085015058,13,23,27
8706801559,17,7,29
8910483102,1,30,10
1836239988,14,10,35
6502855287,1,6,9
8920063341,13,2,14
2947602019,3,13,9
5888391087,10,16,9
2685370798,18,28,20
4854667961,1,25,42
6127083685,4,21,28
8335478068,14,30,44
5993971124,4,21,15
4130246504,11,1,27
2212179515,16,3,17
6934658104,13,7,6
4597217515,1,10,2
4403334370,11,30,13
1153307896,12,21,25
9906112073,9,29,2
7594129688,18,6,11
8397138079,9,6,12
5804031012,7,21,28
1852802125,6,14,40
5537582909,14,20,36
1016026843,8,2,8
3189347986,19,23,6
5781550832,14,22,50
1611892106,10,15,17
1818368475,1,18,1
1473439546,12,12,33
6770855651,17,19,8
1088959231,13,2,8
9126968607,7,1,11
2402802190,14,5,25
3207766402,15,18,32
8765543297,3,6,5
7542046443,8,8,30
7176363127,3,24,41
8352843866,18,2,30
5669017065,4,14,19
8096052264,13,18,33
9000390857,1,16,33
7965285715,2,21,50
4417194564,4,24,32
2516040255,13,30,39
6131373289,3,19,32
8561395885,14,16,12
4594944397,3,13,30
8682406450,8,10,17
5765777149,6,21,19
5057649316,16,9,17
8913503054,10,8,28
9887712126,3,25,16
2545603285,2,12,50
5039244887,19,22,50
7732295253,4,17,1
8033286393,12,21,47
2931496118,12,11,48
8390778120,5,24,23
8403789014,5,8,46
4304717746,13,29,41
5245314953,1,22,24
2628332651,8,17,50
7194301863,6,23,46
4758553870,16,8,27
2647088514,12,1,24
7522685252,11,11,27
6593560510,7,9,17
2090582456,9,12,9
8439982985,13,4,41
3672559698,7,29,30
1016337787,5,10,14
5541940745,10,17,20
5913888627,15,25,39
8462952120,16,21,25
5064736965,9,13,45
8922843182,4,5,20
5634007591,11,24,18
3040903687,11,8,5
4811485983,19,6,29
8939184932,8,3,28
5825070895,14,30,30
4361809526,6,20,37
5765689975,13,6,28
1301449899,18,7,40
5071677072,14,5,30
6209217049,7,6,33
6253332328,2,7,46